id;id_fantoir;numero;rep;nom_voie;code_postal;code_insee;nom_commune;code_insee_ancienne_commune;nom_ancienne_commune;x;y;lon;lat;type_position;alias;nom_ld;libelle_acheminement;nom_afnor;source_position;source_nom_voie;certification_commune;cad_parcelles;id_ban_adresse;id_ban_toponyme;id_ban_commune;status;distance_m;confiance;cad_prefixe;cad_section;cad_numero
94016_3170_00098_bis;94016_3170;98;bis;Rue Etienne Dolet;94230;94016;Cachan;;;651360.52;6854937.05;2.337904;48.792682;entrée;;;CACHAN;RUE ETIENNE DOLET;inconnue;inconnue;0;940160000Y0052;2163c6a6-f19d-4c30-8b4c-b8289a9e2a55;06e4fea0-fab3-4f74-b97f-636bf8b500c9;e1ce01e3-3ad8-4ae8-b38b-91ad0bc88d58;nearest;2.87;0.9;000;0Y;0052
94016_3170_00105_bis;94016_3170;105;bis;Rue Etienne Dolet;94230;94016;Cachan;;;651431.2;6854999.28;2.338859;48.793247;entrée;;;CACHAN;RUE ETIENNE DOLET;inconnue;inconnue;0;940160000X0328;2f01c40e-88fe-4842-855f-88591e91d755;06e4fea0-fab3-4f74-b97f-636bf8b500c9;e1ce01e3-3ad8-4ae8-b38b-91ad0bc88d58;within;0.0;1.0;000;0X;0328
94016_3170_00076_bis;94016_3170;76;bis;Rue Etienne Dolet;94230;94016;Cachan;;;651444.11;6855067.67;2.339027;48.793863;entrée;;;CACHAN;RUE ETIENNE DOLET;inconnue;inconnue;0;940160000Y0080;9b486195-e8bf-4be8-a66e-29e24cb5c52e;06e4fea0-fab3-4f74-b97f-636bf8b500c9;e1ce01e3-3ad8-4ae8-b38b-91ad0bc88d58;within;0.0;1.0;000;0Y;0080
94016_3170_00074_bis;94016_3170;74;bis;Rue Etienne Dolet;94230;94016;Cachan;;;651422.33;6855124.23;2.338724;48.79437;entrée;;;CACHAN;RUE ETIENNE DOLET;inconnue;inconnue;0;940160000Y0518;dc76a2cd-da56-4e9e-8894-b3043ffe0278;06e4fea0-fab3-4f74-b97f-636bf8b500c9;e1ce01e3-3ad8-4ae8-b38b-91ad0bc88d58;within;0.0;1.0;000;0Y;0518
94016_4761_00001;94016_4761;1;;Sentier des Joncs;94230;94016;Cachan;;;651533.69;6854859.1;2.34027;48.791994;entrée;;;CACHAN;SENTIER DES JONCS;inconnue;inconnue;0;94016000AB0180;44c37079-2cec-426a-b858-98581942df70;cd6528d9-f2a7-4e4e-99ee-27f05056d23f;e1ce01e3-3ad8-4ae8-b38b-91ad0bc88d58;within;0.0;1.0;000;AB;0180
94016_4761_00002;94016_4761;2;;Sentier des Joncs;94230;94016;Cachan;;;651395.94;6854315.63;2.338457;48.787096;entrée;;;CACHAN;SENTIER DES JONCS;inconnue;inconnue;0;94016000AE0420;c8e8bab7-c821-4dd9-baa1-35c79d7f3fd6;cd6528d9-f2a7-4e4e-99ee-27f05056d23f;e1ce01e3-3ad8-4ae8-b38b-91ad0bc88d58;within;0.0;1.0;000;AE;0420
94016_4761_00004;94016_4761;4;;Sentier des Joncs;94230;94016;Cachan;;;651480.27;6854534.09;2.33958;48.789067;entrée;;;CACHAN;SENTIER DES JONCS;inconnue;inconnue;0;94016000AD0026;81fb0d38-ee22-4b3c-9b0e-bc4bc2a531f7;cd6528d9-f2a7-4e4e-99ee-27f05056d23f;e1ce01e3-3ad8-4ae8-b38b-91ad0bc88d58;nearest;0.37;0.9;000;AD;0026
94016_4761_00005;94016_4761;5;;Sentier des Joncs;94230;94016;Cachan;;;651374.12;6854308.03;2.338161;48.787026;;;;CACHAN;SENTIER DES JONCS;arcep;inconnue;0;94016000AE0100;8b9023fc-6406-4e6f-86fc-41813921d747;cd6528d9-f2a7-4e4e-99ee-27f05056d23f;e1ce01e3-3ad8-4ae8-b38b-91ad0bc88d58;within;0.0;1.0;000;AE;0100
94016_4761_00007;94016_4761;7;;Sentier des Joncs;94230;94016;Cachan;;;651385.92;6854321.94;2.33832;48.787152;entrée;;;CACHAN;SENTIER DES JONCS;inconnue;inconnue;0;94016000AE0096;ab8e3a30-fcef-4d99-8de8-940507f6f94d;cd6528d9-f2a7-4e4e-99ee-27f05056d23f;e1ce01e3-3ad8-4ae8-b38b-91ad0bc88d58;within;0.0;1.0;000;AE;0096
94016_4761_00009;94016_4761;9;;Sentier des Joncs;94230;94016;Cachan;;;651388.1;6854327.37;2.338349;48.787201;entrée;;;CACHAN;SENTIER DES JONCS;inconnue;inconnue;0;94016000AE0441;547836fa-b2b6-4547-b761-2373ace6f73b;cd6528d9-f2a7-4e4e-99ee-27f05056d23f;e1ce01e3-3ad8-4ae8-b38b-91ad0bc88d58;within;0.0;1.0;000;AE;0441
94016_4761_00011;94016_4761;11;;Sentier des Joncs;94230;94016;Cachan;;;651390.21;6854334.25;2.338377;48.787263;entrée;;;CACHAN;SENTIER DES JONCS;inconnue;inconnue;0;94016000AE0180;2f83610e-cca4-41d8-9b1d-0d02f48397e5;cd6528d9-f2a7-4e4e-99ee-27f05056d23f;e1ce01e3-3ad8-4ae8-b38b-91ad0bc88d58;within;0.0;1.0;000;AE;0180
94016_4761_00013;94016_4761;13;;Sentier des Joncs;94230;94016;Cachan;;;651392.59;6854337.45;2.338409;48.787292;entrée;;;CACHAN;SENTIER DES JONCS;inconnue;inconnue;0;94016000AE0180;7dd6880e-04fa-4695-ae67-d8fcf2a83dac;cd6528d9-f2a7-4e4e-99ee-27f05056d23f;e1ce01e3-3ad8-4ae8-b38b-91ad0bc88d58;within;0.0;1.0;000;AE;0180
94016_4761_00002_bis;94016_4761;2;bis;Sentier des Joncs;94230;94016;Cachan;;;651389.81;6854312.79;2.338374;48.78707;entrée;;;CACHAN;SENTIER DES JONCS;inconnue;inconnue;0;94016000AE0420;987ba37a-3e5d-4d81-bd4f-78276017df9f;cd6528d9-f2a7-4e4e-99ee-27f05056d23f;e1ce01e3-3ad8-4ae8-b38b-91ad0bc88d58;within;0.0;1.0;000;AE;0420
94016_0002_00002;94016_0002;2;;Rue Albert Camus;94230;94016;Cachan;;;650821.22;6854394.2;2.330626;48.787759;entrée;;;CACHAN;RUE ALBERT CAMUS;inconnue;inconnue;0;940160000N0093;3dbbf1dd-0a29-4313-8c06-f8f0e4d4381a;cbdfa9e4-8e4f-4ccc-9c15-15ee34a946a9;e1ce01e3-3ad8-4ae8-b38b-91ad0bc88d58;within;0.0;1.0;000;0N;0093
94016_0002_00004;94016_0002;4;;Rue Albert Camus;94230;94016;Cachan;;;650890.14;6854349.91;2.331569;48.787366;entrée;;;CACHAN;RUE ALBERT CAMUS;inconnue;inconnue;0;940160000N0019;2216f3ee-1c9c-4d1a-81e5-42a2abaffe53;cbdfa9e4-8e4f-4ccc-9c15-15ee34a946a9;e1ce01e3-3ad8-4ae8-b38b-91ad0bc88d58;within;0.0;1.0;000;0N;0019
94016_0002_00006;94016_0002;6;;Rue Albert Camus;94230;94016;Cachan;;;650867.1;6854415.27;2.331248;48.787952;entrée;;;CACHAN;RUE ALBERT CAMUS;inconnue;inconnue;0;940160000N0100;663ec004-a339-439c-83a5-c84ff2426d79;cbdfa9e4-8e4f-4ccc-9c15-15ee34a946a9;e1ce01e3-3ad8-4ae8-b38b-91ad0bc88d58;within;0.0;1.0;000;0N;0100
94016_0002_00008;94016_0002;8;;Rue Albert Camus;94230;94016;Cachan;;;650883.88;6854409.12;2.331477;48.787898;entrée;;;CACHAN;RUE ALBERT CAMUS;inconnue;inconnue;0;940160000N0100;975af35e-f139-44f5-8fd8-d9d51cb86fd2;cbdfa9e4-8e4f-4ccc-9c15-15ee34a946a9;e1ce01e3-3ad8-4ae8-b38b-91ad0bc88d58;within;0.0;1.0;000;0N;0100
94016_0002_00010;94016_0002;10;;Rue Albert Camus;94230;94016;Cachan;;;650900.58;6854402.98;2.331705;48.787844;entrée;;;CACHAN;RUE ALBERT CAMUS;inconnue;inconnue;0;940160000N0100;8c47d5ae-0226-4e13-8494-2e2a96093d79;cbdfa9e4-8e4f-4ccc-9c15-15ee34a946a9;e1ce01e3-3ad8-4ae8-b38b-91ad0bc88d58;within;0.0;1.0;000;0N;0100
94016_0002_00012;94016_0002;12;;Rue Albert Camus;94230;94016;Cachan;;;650920.57;6854394.91;2.331978;48.787773;entrée;;;CACHAN;RUE ALBERT CAMUS;inconnue;inconnue;0;940160000N0100;f7aef5fc-2d83-4248-b2c2-4229f2ece22b;cbdfa9e4-8e4f-4ccc-9c15-15ee34a946a9;e1ce01e3-3ad8-4ae8-b38b-91ad0bc88d58;within;0.0;1.0;000;0N;0100
94016_0002_00014;94016_0002;14;;Rue Albert Camus;94230;94016;Cachan;;;650940.48;6854386.85;2.33225;48.787702;entrée;;;CACHAN;RUE ALBERT CAMUS;inconnue;inconnue;0;940160000N0100;83d31fe0-e968-4c80-b6dc-1d2b82dc83ec;cbdfa9e4-8e4f-4ccc-9c15-15ee34a946a9;e1ce01e3-3ad8-4ae8-b38b-91ad0bc88d58;within;0.0;1.0;000;0N;0100
94016_2545_00001;94016_2545;1;;Rue des 2 Freres;94230;94016;Cachan;;;650954.32;6854885.43;2.332381;48.792187;entrée;;;CACHAN;RUE DES 2 FRERES;inconnue;inconnue;0;940160000Q0301;bb92677c-a322-4db9-b9b6-82a36ce47807;0482398e-b601-4d7c-a789-ab1d03ccf70a;e1ce01e3-3ad8-4ae8-b38b-91ad0bc88d58;nearest;0.78;0.9;000;0Q;0301
94016_2545_00007;94016_2545;7;;Rue des 2 Freres;94230;94016;Cachan;;;650932;6854895.29;2.332076;48.792274;segment;;;CACHAN;RUE DES 2 FRERES;inconnue;inconnue;0;940160000Q0031;e72ed003-2506-4baa-9646-9099a97df464;0482398e-b601-4d7c-a789-ab1d03ccf70a;e1ce01e3-3ad8-4ae8-b38b-91ad0bc88d58;nearest;0.38;0.9;000;0Q;0031
94016_2545_00009;94016_2545;9;;Rue des 2 Freres;94230;94016;Cachan;;;650920.07;6854900.73;2.331913;48.792322;segment;;;CACHAN;RUE DES 2 FRERES;inconnue;inconnue;0;940160000Q0028;813c994e-59da-4a46-8d82-3699309f92d5;0482398e-b601-4d7c-a789-ab1d03ccf70a;e1ce01e3-3ad8-4ae8-b38b-91ad0bc88d58;nearest;0.27;0.9;000;0Q;0028
94016_2545_00010;94016_2545;10;;Rue des 2 Freres;94230;94016;Cachan;;;650931.57;6854904.75;2.332069;48.792359;entrée;;;CACHAN;RUE DES 2 FRERES;inconnue;inconnue;0;940160000Q0041;280ac92e-0603-4a37-a7ca-874c55587f74;0482398e-b601-4d7c-a789-ab1d03ccf70a;e1ce01e3-3ad8-4ae8-b38b-91ad0bc88d58;nearest;1.4;0.9;000;0Q;0041
94016_2545_00011;94016_2545;11;;Rue des 2 Freres;94230;94016;Cachan;;;650908.07;6854906.28;2.331749;48.792371;segment;;;CACHAN;RUE DES 2 FRERES;inconnue;inconnue;0;940160000Q0027;e11fd163-a2df-4312-b32b-1cdd42ac06f3;0482398e-b601-4d7c-a789-ab1d03ccf70a;e1ce01e3-3ad8-4ae8-b38b-91ad0bc88d58;nearest;0.24;0.9;000;0Q;0027
94016_2545_00012;94016_2545;12;;Rue des 2 Freres;94230;94016;Cachan;;;650927.18;6854907.34;2.332009;48.792382;entrée;;;CACHAN;RUE DES 2 FRERES;inconnue;inconnue;0;940160000Q0042;9fcf6690-d1cb-4726-9377-4c7c9594c7b2;0482398e-b601-4d7c-a789-ab1d03ccf70a;e1ce01e3-3ad8-4ae8-b38b-91ad0bc88d58;nearest;0.9;0.9;000;0Q;0042
94016_2545_00014;94016_2545;14;;Rue des 2 Freres;94230;94016;Cachan;;;650923.52;6854909.04;2.331959;48.792397;entrée;;;CACHAN;RUE DES 2 FRERES;inconnue;inconnue;0;940160000Q0043;7c6f7601-35fb-478c-a64e-39041c8c459f;0482398e-b601-4d7c-a789-ab1d03ccf70a;e1ce01e3-3ad8-4ae8-b38b-91ad0bc88d58;nearest;0.91;0.9;000;0Q;0043
94016_2545_00015;94016_2545;15;;Rue des 2 Freres;94230;94016;Cachan;;;650884.21;6854917.49;2.331423;48.79247;segment;;;CACHAN;RUE DES 2 FRERES;inconnue;inconnue;0;940160000Q0315;da29bed1-189e-423c-aa9f-a991d8e864b4;0482398e-b601-4d7c-a789-ab1d03ccf70a;e1ce01e3-3ad8-4ae8-b38b-91ad0bc88d58;nearest;0.34;0.9;000;0Q;0315
94016_2545_00016;94016_2545;16;;Rue des 2 Freres;94230;94016;Cachan;;;650918.39;6854910.97;2.331889;48.792414;entrée;;;CACHAN;RUE DES 2 FRERES;inconnue;inconnue;0;940160000Q0044;bf0bda36-1fce-4629-a8e7-d89a76660869;0482398e-b601-4d7c-a789-ab1d03ccf70a;e1ce01e3-3ad8-4ae8-b38b-91ad0bc88d58;nearest;1.36;0.9;000;0Q;0044
94016_2545_00017;94016_2545;17;;Rue des 2 Freres;94230;94016;Cachan;;;650872.44;6854923.37;2.331262;48.792522;segment;;;CACHAN;RUE DES 2 FRERES;inconnue;inconnue;0;940160000Q0315;b45b9cff-dfb3-4126-b5d4-d1b0feaf0c28;0482398e-b601-4d7c-a789-ab1d03ccf70a;e1ce01e3-3ad8-4ae8-b38b-91ad0bc88d58;nearest;0.08;0.9;000;0Q;0315
94016_2545_00020;94016_2545;20;;Rue des 2 Freres;94230;94016;Cachan;;;650903.61;6854917.55;2.331687;48.792472;entrée;;;CACHAN;RUE DES 2 FRERES;inconnue;inconnue;0;940160000Q0201;c3dddd5f-4119-4932-958d-e8ed3df4a8e2;0482398e-b601-4d7c-a789-ab1d03ccf70a;e1ce01e3-3ad8-4ae8-b38b-91ad0bc88d58;nearest;1.66;0.9;000;0Q;0201
94016_2545_00022;94016_2545;22;;Rue des 2 Freres;94230;94016;Cachan;;;650865;6854938.67;2.331159;48.792659;segment;;;CACHAN;RUE DES 2 FRERES;inconnue;inconnue;0;940160000Q0198;722abd0b-a33e-4007-927f-433b0f490a91;0482398e-b601-4d7c-a789-ab1d03ccf70a;e1ce01e3-3ad8-4ae8-b38b-91ad0bc88d58;nearest;1.1;0.9;000;0Q;0198
94016_2545_00024;94016_2545;24;;Rue des 2 Freres;94230;94016;Cachan;;;650863.03;6854940.35;2.331132;48.792674;entrée;;;CACHAN;RUE DES 2 FRERES;inconnue;inconnue;0;940160000Q0198;6110b3cc-e7a4-45b2-a376-fc2f1d248b0c;0482398e-b601-4d7c-a789-ab1d03ccf70a;e1ce01e3-3ad8-4ae8-b38b-91ad0bc88d58;nearest;0.72;0.9;000;0Q;0198
94016_2545_00011_bis;94016_2545;11;bis;Rue des 2 Freres;94230;94016;Cachan;;;650896.14;6854911.83;2.331586;48.79242;segment;;;CACHAN;RUE DES 2 FRERES;inconnue;inconnue;0;940160000Q0316;f81113c9-b963-4446-8691-cbabe81eb28a;0482398e-b601-4d7c-a789-ab1d03ccf70a;e1ce01e3-3ad8-4ae8-b38b-91ad0bc88d58;nearest;0.24;0.9;000;0Q;0316
94016_9145_00003;94016_9145;3;;Rue des Tournelles;94230;94016;Cachan;;;651128.72;6855476.28;2.334687;48.797514;entrée;;;CACHAN;RUE DES TOURNELLES;inconnue;inconnue;0;940160000T0092;97b4d096-5995-4e93-9334-57c8d6b90f59;d088d60e-0e82-4676-b849-a13962574331;e1ce01e3-3ad8-4ae8-b38b-91ad0bc88d58;nearest;1.4;0.9;000;0T;0092
94016_9145_00005;94016_9145;5;;Rue des Tournelles;94230;94016;Cachan;;;651171.12;6855426.22;2.33527;48.797067;entrée;;;CACHAN;RUE DES TOURNELLES;inconnue;inconnue;0;940160000T0013;d41f071d-b0d6-4ca8-8a7e-da7ae706f915;d088d60e-0e82-4676-b849-a13962574331;e1ce01e3-3ad8-4ae8-b38b-91ad0bc88d58;nearest;1.39;0.9;000;0T;0013
94016_9145_00009;94016_9145;9;;Rue des Tournelles;94230;94016;Cachan;;;651177.99;6855421.6;2.335364;48.797026;entrée;;;CACHAN;RUE DES TOURNELLES;inconnue;inconnue;0;940160000T0012;7ee5fd68-1a44-4fda-b34c-fc96058acb4f;d088d60e-0e82-4676-b849-a13962574331;e1ce01e3-3ad8-4ae8-b38b-91ad0bc88d58;nearest;1.69;0.9;000;0T;0012
94016_9145_00011;94016_9145;11;;Rue des Tournelles;94230;94016;Cachan;;;651184.87;6855418.54;2.335458;48.796999;entrée;;;CACHAN;RUE DES TOURNELLES;inconnue;inconnue;0;940160000T0011;87037d35-4890-4c63-8e98-075a5a27c3df;d088d60e-0e82-4676-b849-a13962574331;e1ce01e3-3ad8-4ae8-b38b-91ad0bc88d58;nearest;1.21;0.9;000;0T;0011
94016_9145_00013;94016_9145;13;;Rue des Tournelles;94230;94016;Cachan;;;651195.62;6855412.45;2.335605;48.796945;entrée;;;CACHAN;RUE DES TOURNELLES;inconnue;inconnue;0;940160000T0009;2fb162df-2091-4d43-998c-02bcc3e756e3;d088d60e-0e82-4676-b849-a13962574331;e1ce01e3-3ad8-4ae8-b38b-91ad0bc88d58;nearest;1.43;0.9;000;0T;0009
94016_9145_00015;94016_9145;15;;Rue des Tournelles;94230;94016;Cachan;;;651202.5;6855409.83;2.335699;48.796922;entrée;;;CACHAN;RUE DES TOURNELLES;inconnue;inconnue;0;940160000T0060;b23e592e-a90a-4a18-9944-47c3593d6dba;d088d60e-0e82-4676-b849-a13962574331;e1ce01e3-3ad8-4ae8-b38b-91ad0bc88d58;nearest;1.54;0.9;000;0T;0060
94016_9145_00021;94016_9145;21;;Rue des Tournelles;94230;94016;Cachan;;;651233.19;6855399.46;2.336118;48.796831;entrée;;;CACHAN;RUE DES TOURNELLES;inconnue;inconnue;0;940160000T0080;1189c647-0c48-4cea-995c-638473c61e91;d088d60e-0e82-4676-b849-a13962574331;e1ce01e3-3ad8-4ae8-b38b-91ad0bc88d58;nearest;0.93;0.9;000;0T;0080
94016_9145_00023;94016_9145;23;;Rue des Tournelles;94230;94016;Cachan;;;651259.98;6855396.34;2.336483;48.796805;entrée;;;CACHAN;RUE DES TOURNELLES;inconnue;inconnue;0;940160000T0081;a3dfdda8-fc33-4feb-b09f-a9d0aa1b6cbe;d088d60e-0e82-4676-b849-a13962574331;e1ce01e3-3ad8-4ae8-b38b-91ad0bc88d58;nearest;0.77;0.9;000;0T;0081
94016_9145_00025;94016_9145;25;;Rue des Tournelles;94230;94016;Cachan;;;651279.82;6855396.62;2.336753;48.796809;entrée;;;CACHAN;RUE DES TOURNELLES;inconnue;inconnue;0;940160000T0064;13f6afad-7dc5-416c-992e-1e9e7b9389f9;d088d60e-0e82-4676-b849-a13962574331;e1ce01e3-3ad8-4ae8-b38b-91ad0bc88d58;nearest;0.68;0.9;000;0T;0064
94016_9145_00027;94016_9145;27;;Rue des Tournelles;94230;94016;Cachan;;;651296.76;6855394.14;2.336984;48.796788;entrée;;;CACHAN;RUE DES TOURNELLES;inconnue;inconnue;0;940160000T0065;068d1640-44cd-4095-9d53-a4f1fcc68e11;d088d60e-0e82-4676-b849-a13962574331;e1ce01e3-3ad8-4ae8-b38b-91ad0bc88d58;nearest;0.72;0.9;000;0T;0065
94016_9145_00003_bis;94016_9145;3;bis;Rue des Tournelles;94230;94016;Cachan;;;651128.72;6855476.28;2.334687;48.797514;entrée;;;CACHAN;RUE DES TOURNELLES;inconnue;inconnue;0;940160000T0092;8582eb1f-7251-4d52-b390-1c8770a2d421;d088d60e-0e82-4676-b849-a13962574331;e1ce01e3-3ad8-4ae8-b38b-91ad0bc88d58;nearest;1.4;0.9;000;0T;0092
94016_9145_00011_bis;94016_9145;11;bis;Rue des Tournelles;94230;94016;Cachan;;;651195.6;6855427.46;2.335603;48.79708;;;;CACHAN;RUE DES TOURNELLES;arcep;inconnue;0;940160000T0010;097099d6-b906-4eab-99be-ce3dace7230c;d088d60e-0e82-4676-b849-a13962574331;e1ce01e3-3ad8-4ae8-b38b-91ad0bc88d58;within;0.0;1.0;000;0T;0010
94016_1415_00001;94016_1415;1;;Avenue Carnot;94230;94016;Cachan;;;650850.41;6855402.47;2.330907;48.796829;entrée;;;CACHAN;AVENUE CARNOT;inconnue;inconnue;0;940160000B0072;81b4fb55-3af6-4620-be70-e2ea55258b94;4316a259-a488-44b0-b51c-1755cd19ebe2;e1ce01e3-3ad8-4ae8-b38b-91ad0bc88d58;nearest;0.55;0.9;000;0B;0072
94016_1415_00002;94016_1415;2;;Avenue Carnot;94230;94016;Cachan;;;650839.72;6855431.47;2.330758;48.797089;entrée;;;CACHAN;AVENUE CARNOT;inconnue;inconnue;0;940160000B0019;64b27b80-551e-45ba-b9b4-758f81e9c6fe;4316a259-a488-44b0-b51c-1755cd19ebe2;e1ce01e3-3ad8-4ae8-b38b-91ad0bc88d58;nearest;0.16;0.9;000;0B;0019
94016_1415_00003;94016_1415;3;;Avenue Carnot;94230;94016;Cachan;;;650846.23;6855410.84;2.330849;48.796904;segment;;;CACHAN;AVENUE CARNOT;inconnue;inconnue;0;940160000B0072;2c5a86e3-50d6-4a5d-b969-f10131816494;4316a259-a488-44b0-b51c-1755cd19ebe2;e1ce01e3-3ad8-4ae8-b38b-91ad0bc88d58;nearest;5.93;0.75;000;0B;0072
94016_1415_00004;94016_1415;4;;Avenue Carnot;94230;94016;Cachan;;;650803.13;6855465.47;2.330256;48.797392;entrée;;;CACHAN;AVENUE CARNOT;inconnue;inconnue;0;940160000B0017;195cf559-ffe0-4154-8da7-997c8f4f5ed5;4316a259-a488-44b0-b51c-1755cd19ebe2;e1ce01e3-3ad8-4ae8-b38b-91ad0bc88d58;within;0.0;1.0;000;0B;0017
94016_1415_00005;94016_1415;5;;Avenue Carnot;94230;94016;Cachan;;;650828.32;6855422;2.330604;48.797003;segment;;;CACHAN;AVENUE CARNOT;inconnue;inconnue;0;940160000B0072;35e327ea-8d12-4ed4-a505-ea4c9c308222;4316a259-a488-44b0-b51c-1755cd19ebe2;e1ce01e3-3ad8-4ae8-b38b-91ad0bc88d58;nearest;6.14;0.75;000;0B;0072
94016_1415_00006;94016_1415;6;;Avenue Carnot;94230;94016;Cachan;;;650834.55;6855428.73;2.330688;48.797064;segment;;;CACHAN;AVENUE CARNOT;inconnue;inconnue;0;940160000B0019;e9467a91-8ee5-4231-abc6-2649a9b1ff37;4316a259-a488-44b0-b51c-1755cd19ebe2;e1ce01e3-3ad8-4ae8-b38b-91ad0bc88d58;nearest;5.62;0.75;000;0B;0019
94016_1415_00007;94016_1415;7;;Avenue Carnot;94230;94016;Cachan;;;650797.87;6855434.82;2.330188;48.797116;entrée;;;CACHAN;AVENUE CARNOT;inconnue;inconnue;0;940160000B0123;e7ff52fb-cf2b-49df-b13b-b982ab022d42;4316a259-a488-44b0-b51c-1755cd19ebe2;e1ce01e3-3ad8-4ae8-b38b-91ad0bc88d58;nearest;0.78;0.9;000;0B;0123
94016_1415_00008;94016_1415;8;;Avenue Carnot;94230;94016;Cachan;;;650608.1;6855760.01;2.327567;48.800026;;;;CACHAN;AVENUE CARNOT;arcep;inconnue;0;940160000B0017;39bc4feb-099e-45d4-93aa-5d246bda0ff6;4316a259-a488-44b0-b51c-1755cd19ebe2;e1ce01e3-3ad8-4ae8-b38b-91ad0bc88d58;exist;;;000;0B;0017
94016_1415_00009;94016_1415;9;;Avenue Carnot;94230;94016;Cachan;;;650792.29;6855443.99;2.330111;48.797198;segment;;;CACHAN;AVENUE CARNOT;inconnue;inconnue;0;940160000B0123;ad8764af-aaf6-47fd-a950-a52ac8930321;4316a259-a488-44b0-b51c-1755cd19ebe2;e1ce01e3-3ad8-4ae8-b38b-91ad0bc88d58;nearest;6.07;0.75;000;0B;0123
94016_1415_00010;94016_1415;10;;Avenue Carnot;94230;94016;Cachan;;;650781.61;6855465.99;2.329963;48.797395;entrée;;;CACHAN;AVENUE CARNOT;cadastre;inconnue;0;940160000B0017;1ad98ece-9f0f-4448-bc69-35ac3c53fe62;4316a259-a488-44b0-b51c-1755cd19ebe2;e1ce01e3-3ad8-4ae8-b38b-91ad0bc88d58;exist;;;000;0B;0017
94016_1415_00012;94016_1415;12;;Avenue Carnot;94230;94016;Cachan;;;650769.99;6855472.98;2.329804;48.797457;entrée;;;CACHAN;AVENUE CARNOT;inconnue;inconnue;0;940160000B0054;272c2001-4a9a-4e71-a6c3-d97c61b1f0bf;4316a259-a488-44b0-b51c-1755cd19ebe2;e1ce01e3-3ad8-4ae8-b38b-91ad0bc88d58;nearest;1.32;0.9;000;0B;0054
94016_1415_00013;94016_1415;13;;Avenue Carnot;94230;94016;Cachan;;;650773.39;6855449.6;2.329853;48.797247;entrée;;;CACHAN;AVENUE CARNOT;inconnue;inconnue;0;940160000B0132;544b88e2-5e34-4c12-a898-05d4724bea7b;4316a259-a488-44b0-b51c-1755cd19ebe2;e1ce01e3-3ad8-4ae8-b38b-91ad0bc88d58;nearest;0.45;0.9;000;0B;0132
94016_1415_00014;94016_1415;14;;Avenue Carnot;94230;94016;Cachan;;;650763.69;6855483.59;2.329717;48.797552;entrée;;;CACHAN;AVENUE CARNOT;inconnue;inconnue;0;940160000B0016;83e39fd6-8ed1-4334-8f20-12b857e0ef81;4316a259-a488-44b0-b51c-1755cd19ebe2;e1ce01e3-3ad8-4ae8-b38b-91ad0bc88d58;within;0.0;1.0;000;0B;0016
94016_1415_00015;94016_1415;15;;Avenue Carnot;94230;94016;Cachan;;;650761.77;6855456.7;2.329694;48.79731;entrée;;;CACHAN;AVENUE CARNOT;inconnue;inconnue;0;940160000B0058;19852226-82a1-4957-92de-8b90178c45c9;4316a259-a488-44b0-b51c-1755cd19ebe2;e1ce01e3-3ad8-4ae8-b38b-91ad0bc88d58;nearest;0.44;0.9;000;0B;0058
94016_1415_00016;94016_1415;16;;Avenue Carnot;94230;94016;Cachan;;;650750.99;6855484.7;2.329544;48.797561;entrée;;;CACHAN;AVENUE CARNOT;inconnue;inconnue;0;940160000B0015;4f89f019-2764-4a52-ac3f-78cf2b97414b;4316a259-a488-44b0-b51c-1755cd19ebe2;e1ce01e3-3ad8-4ae8-b38b-91ad0bc88d58;nearest;1.33;0.9;000;0B;0015
94016_1415_00017;94016_1415;17;;Avenue Carnot;94230;94016;Cachan;;;650748.03;6855465.05;2.329506;48.797384;entrée;;;CACHAN;AVENUE CARNOT;inconnue;inconnue;0;940160000B0056;151e7ea5-9a33-417f-a65f-8113d88f08b7;4316a259-a488-44b0-b51c-1755cd19ebe2;e1ce01e3-3ad8-4ae8-b38b-91ad0bc88d58;nearest;0.3;0.9;000;0B;0056
94016_1415_00018;94016_1415;18;;Avenue Carnot;94230;94016;Cachan;;;650732;6855497.65;2.329284;48.797676;entrée;;;CACHAN;AVENUE CARNOT;inconnue;inconnue;0;940160000B0139;276f2623-d256-4fb7-95a9-b1a042084d11;4316a259-a488-44b0-b51c-1755cd19ebe2;e1ce01e3-3ad8-4ae8-b38b-91ad0bc88d58;nearest;0.21;0.9;000;0B;0139
94016_1415_00019;94016_1415;19;;Avenue Carnot;94230;94016;Cachan;;;650738.53;6855470.91;2.329376;48.797436;entrée;;;CACHAN;AVENUE CARNOT;inconnue;inconnue;0;940160000B0013;c2e2ee16-69e6-480a-85d7-e921743baec0;4316a259-a488-44b0-b51c-1755cd19ebe2;e1ce01e3-3ad8-4ae8-b38b-91ad0bc88d58;nearest;0.29;0.9;000;0B;0013
94016_1415_00020;94016_1415;20;;Avenue Carnot;94230;94016;Cachan;;;650723.52;6855502.95;2.329168;48.797723;entrée;;;CACHAN;AVENUE CARNOT;inconnue;inconnue;0;940160000B0026;753493d4-57f4-4ad5-a344-99e278bbb253;4316a259-a488-44b0-b51c-1755cd19ebe2;e1ce01e3-3ad8-4ae8-b38b-91ad0bc88d58;nearest;0.15;0.9;000;0B;0026
94016_1415_00021;94016_1415;21;;Avenue Carnot;94230;94016;Cachan;;;650684.21;6855510.07;2.328632;48.797784;segment;;;CACHAN;AVENUE CARNOT;inconnue;inconnue;0;;232d8734-0b85-4f32-98a0-520f11b73ea0;4316a259-a488-44b0-b51c-1755cd19ebe2;e1ce01e3-3ad8-4ae8-b38b-91ad0bc88d58;missing;;0.0;;;
94016_1415_00022;94016_1415;22;;Avenue Carnot;94230;94016;Cachan;;;650714.53;6855508.7;2.329045;48.797774;entrée;;;CACHAN;AVENUE CARNOT;inconnue;inconnue;0;940160000B0027;58e51cda-0c07-402f-83e4-233224719230;4316a259-a488-44b0-b51c-1755cd19ebe2;e1ce01e3-3ad8-4ae8-b38b-91ad0bc88d58;within;0.0;1.0;000;0B;0027
94016_1415_00023;94016_1415;23;;Avenue Carnot;94230;94016;Cachan;;;650693.72;6855410.58;2.328773;48.79689;entrée;;;CACHAN;AVENUE CARNOT;inconnue;inconnue;0;940160000B0160;c84d5cdf-1640-44dd-975b-184c536cd385;4316a259-a488-44b0-b51c-1755cd19ebe2;e1ce01e3-3ad8-4ae8-b38b-91ad0bc88d58;within;0.0;1.0;000;0B;0160
94016_1415_00025;94016_1415;25;;Avenue Carnot;94230;94016;Cachan;;;650666.45;6855521.23;2.328389;48.797883;segment;;;CACHAN;AVENUE CARNOT;inconnue;inconnue;0;940160000B0069;ad2c6d38-3126-469c-b786-f9b7736113ab;4316a259-a488-44b0-b51c-1755cd19ebe2;e1ce01e3-3ad8-4ae8-b38b-91ad0bc88d58;nearest;6.01;0.75;000;0B;0069
94016_1415_00026;94016_1415;26;;Avenue Carnot;94230;94016;Cachan;;;650676.77;6855525.25;2.328529;48.79792;entrée;;;CACHAN;AVENUE CARNOT;inconnue;inconnue;0;940160000B0030;c387c211-44e3-4b1a-843e-9f54551bad3b;4316a259-a488-44b0-b51c-1755cd19ebe2;e1ce01e3-3ad8-4ae8-b38b-91ad0bc88d58;nearest;6.02;0.75;000;0B;0030
94016_1415_00028;94016_1415;28;;Avenue Carnot;94230;94016;Cachan;;;650680.77;6855529;2.328583;48.797954;entrée;;;CACHAN;AVENUE CARNOT;inconnue;inconnue;0;940160000B0030;b54175ce-198d-46fe-8167-57a5a8d5bfc8;4316a259-a488-44b0-b51c-1755cd19ebe2;e1ce01e3-3ad8-4ae8-b38b-91ad0bc88d58;nearest;0.29;0.9;000;0B;0030
94016_1415_00030;94016_1415;30;;Avenue Carnot;94230;94016;Cachan;;;650662.23;6855534.49;2.32833;48.798002;entrée;;;CACHAN;AVENUE CARNOT;inconnue;inconnue;0;940160000B0031;c88b1562-8d74-4f62-bdbd-1100a6aeda1c;4316a259-a488-44b0-b51c-1755cd19ebe2;e1ce01e3-3ad8-4ae8-b38b-91ad0bc88d58;nearest;5.72;0.75;000;0B;0031
94016_1415_00031;94016_1415;31;;Avenue Carnot;94230;94016;Cachan;;;650612.69;6855548.04;2.327654;48.79812;entrée;;;CACHAN;AVENUE CARNOT;inconnue;inconnue;0;940160000C0191;1e6a0e05-0c49-4cea-817b-eda6a9fd3f97;4316a259-a488-44b0-b51c-1755cd19ebe2;e1ce01e3-3ad8-4ae8-b38b-91ad0bc88d58;nearest;0.26;0.9;000;0C;0191
94016_1415_00032;94016_1415;32;;Avenue Carnot;94230;94016;Cachan;;;650583.49;6855587.42;2.327252;48.798472;entrée;;;CACHAN;AVENUE CARNOT;inconnue;inconnue;0;940160000A0142;c8ffd210-7419-46f6-99c2-f96a8a554405;4316a259-a488-44b0-b51c-1755cd19ebe2;e1ce01e3-3ad8-4ae8-b38b-91ad0bc88d58;nearest;1.58;0.9;000;0A;0142
94016_1415_00033;94016_1415;33;;Avenue Carnot;94230;94016;Cachan;;;650602.53;6855554.35;2.327515;48.798176;entrée;;;CACHAN;AVENUE CARNOT;inconnue;inconnue;0;940160000C0189;99e0ee6e-14ec-47e1-b8df-4dfc9474ef6d;4316a259-a488-44b0-b51c-1755cd19ebe2;e1ce01e3-3ad8-4ae8-b38b-91ad0bc88d58;nearest;0.34;0.9;000;0C;0189
94016_1415_00034;94016_1415;34;;Avenue Carnot;94230;94016;Cachan;;;650549.57;6855606.39;2.326788;48.79864;entrée;;;CACHAN;AVENUE CARNOT;inconnue;inconnue;0;940160000A0167;26573bc5-f892-47da-87d6-3a77e4545852;4316a259-a488-44b0-b51c-1755cd19ebe2;e1ce01e3-3ad8-4ae8-b38b-91ad0bc88d58;nearest;3.31;0.9;000;0A;0167
94016_1415_00035;94016_1415;35;;Avenue Carnot;94230;94016;Cachan;;;650589.23;6855562.58;2.327333;48.798249;entrée;;;CACHAN;AVENUE CARNOT;inconnue;inconnue;0;940160000C0188;c605f1e3-2c02-4ba0-9046-032419031000;4316a259-a488-44b0-b51c-1755cd19ebe2;e1ce01e3-3ad8-4ae8-b38b-91ad0bc88d58;nearest;0.36;0.9;000;0C;0188
94016_1415_00037;94016_1415;37;;Avenue Carnot;94230;94016;Cachan;;;650569.71;6855581.54;2.327065;48.798418;segment;;;CACHAN;AVENUE CARNOT;inconnue;inconnue;0;940160000C0259;11925679-064d-4c48-89e1-0beb1f9f5ad0;4316a259-a488-44b0-b51c-1755cd19ebe2;e1ce01e3-3ad8-4ae8-b38b-91ad0bc88d58;nearest;6.8;0.75;000;0C;0259
94016_1415_00043;94016_1415;43;;Avenue Carnot;94230;94016;Cachan;;;650548.33;6855589.95;2.326773;48.798492;entrée;;;CACHAN;AVENUE CARNOT;inconnue;inconnue;0;940160000C0259;8b8069f8-de1f-4cd8-8c67-a02a3d0a6d96;4316a259-a488-44b0-b51c-1755cd19ebe2;e1ce01e3-3ad8-4ae8-b38b-91ad0bc88d58;nearest;2.43;0.9;000;0C;0259
94016_1415_00045;94016_1415;45;;Avenue Carnot;94230;94016;Cachan;;;650522.39;6855605.85;2.326418;48.798633;entrée;;;CACHAN;AVENUE CARNOT;inconnue;inconnue;0;940160000C0056;a0d91cc0-850e-4904-97d5-d719f87185ce;4316a259-a488-44b0-b51c-1755cd19ebe2;e1ce01e3-3ad8-4ae8-b38b-91ad0bc88d58;nearest;2.32;0.9;000;0C;0056
94016_1415_00047;94016_1415;47;;Avenue Carnot;94230;94016;Cachan;;;650510.89;6855610.17;2.326261;48.798671;entrée;;;CACHAN;AVENUE CARNOT;inconnue;inconnue;0;940160000C0051;e7c5b337-c2c2-4710-88f9-7dd90deff774;4316a259-a488-44b0-b51c-1755cd19ebe2;e1ce01e3-3ad8-4ae8-b38b-91ad0bc88d58;within;0.0;1.0;000;0C;0051
94016_1415_00049;94016_1415;49;;Avenue Carnot;94230;94016;Cachan;;;650498.47;6855618.17;2.326091;48.798742;entrée;;;CACHAN;AVENUE CARNOT;inconnue;inconnue;0;940160000C0055;044ccaa1-fd39-4891-9566-56ce4eb5faa8;4316a259-a488-44b0-b51c-1755cd19ebe2;e1ce01e3-3ad8-4ae8-b38b-91ad0bc88d58;nearest;0.14;0.9;000;0C;0055
94016_1415_00051;94016_1415;51;;Avenue Carnot;94230;94016;Cachan;;;650473.77;6855633.62;2.325753;48.798879;entrée;;;CACHAN;AVENUE CARNOT;inconnue;inconnue;0;940160000C0281;043742d8-312e-4f3d-a0cd-b4f0ab6cc97c;4316a259-a488-44b0-b51c-1755cd19ebe2;e1ce01e3-3ad8-4ae8-b38b-91ad0bc88d58;nearest;0.4;0.9;000;0C;0281
94016_1415_00053;94016_1415;53;;Avenue Carnot;94230;94016;Cachan;;;650464.69;6855644.81;2.325628;48.798979;entrée;;;CACHAN;AVENUE CARNOT;inconnue;inconnue;0;940160000C0281;748741ee-46a9-4cd4-9356-bd60a0ac3c08;4316a259-a488-44b0-b51c-1755cd19ebe2;e1ce01e3-3ad8-4ae8-b38b-91ad0bc88d58;nearest;5.55;0.75;000;0C;0281
94016_1415_00055;94016_1415;55;;Avenue Carnot;94230;94016;Cachan;;;650450.61;6855648.05;2.325436;48.799007;entrée;;;CACHAN;AVENUE CARNOT;inconnue;inconnue;0;940160000C0281;243ac5f4-ba88-4471-bed4-9fdcb8513c45;4316a259-a488-44b0-b51c-1755cd19ebe2;e1ce01e3-3ad8-4ae8-b38b-91ad0bc88d58;nearest;0.5;0.9;000;0C;0281
94016_1415_00057;94016_1415;57;;Avenue Carnot;94230;94016;Cachan;;;650428.73;6855666.8;2.325136;48.799174;segment;;;CACHAN;AVENUE CARNOT;inconnue;inconnue;0;940160000C0030;963072ab-f8ea-4e76-8a7a-b25affa31fb8;4316a259-a488-44b0-b51c-1755cd19ebe2;e1ce01e3-3ad8-4ae8-b38b-91ad0bc88d58;nearest;5.51;0.75;000;0C;0030
94016_1415_00059;94016_1415;59;;Avenue Carnot;94230;94016;Cachan;;;650423.18;6855670.3;2.32506;48.799205;segment;;;CACHAN;AVENUE CARNOT;inconnue;inconnue;0;940160000C0030;0e58ca6a-61f7-473d-b12a-8dbc7f88a972;4316a259-a488-44b0-b51c-1755cd19ebe2;e1ce01e3-3ad8-4ae8-b38b-91ad0bc88d58;nearest;5.58;0.75;000;0C;0030
94016_1415_00061;94016_1415;61;;Avenue Carnot;94230;94016;Cachan;;;650409.1;6855673.09;2.324868;48.799229;entrée;;;CACHAN;AVENUE CARNOT;inconnue;inconnue;0;940160000C0029;4694c25e-d1e6-4a39-b7d2-1f5197cc0d3c;4316a259-a488-44b0-b51c-1755cd19ebe2;e1ce01e3-3ad8-4ae8-b38b-91ad0bc88d58;nearest;0.11;0.9;000;0C;0029
94016_1415_00062;94016_1415;62;;Avenue Carnot;94230;94016;Cachan;;;650394.97;6855704.12;2.324672;48.799507;entrée;;;CACHAN;AVENUE CARNOT;inconnue;inconnue;0;940160000A0164;1eea2656-f440-4594-9496-397dad21aa38;4316a259-a488-44b0-b51c-1755cd19ebe2;e1ce01e3-3ad8-4ae8-b38b-91ad0bc88d58;nearest;0.89;0.9;000;0A;0164
94016_1415_00063;94016_1415;63;;Avenue Carnot;94230;94016;Cachan;;;650403.77;6855676.36;2.324795;48.799258;entrée;;;CACHAN;AVENUE CARNOT;inconnue;inconnue;0;940160000C0194;6bc269e9-a77c-498c-adf1-78560d2cde86;4316a259-a488-44b0-b51c-1755cd19ebe2;e1ce01e3-3ad8-4ae8-b38b-91ad0bc88d58;nearest;0.08;0.9;000;0C;0194
94016_1415_00064;94016_1415;64;;Avenue Carnot;94230;94016;Cachan;;;650445.34;6855667.11;2.325362;48.799178;segment;;;CACHAN;AVENUE CARNOT;inconnue;inconnue;0;940160000A0164;e1201e9e-8331-4242-847c-3103bfb90b15;4316a259-a488-44b0-b51c-1755cd19ebe2;e1ce01e3-3ad8-4ae8-b38b-91ad0bc88d58;nearest;6.5;0.75;000;0A;0164
94016_1415_00065;94016_1415;65;;Avenue Carnot;94230;94016;Cachan;;;650384.62;6855688.2;2.324533;48.799363;entrée;;;CACHAN;AVENUE CARNOT;inconnue;inconnue;0;940160000C0279;de3d275d-37db-43af-aa2d-86e823a8a64c;4316a259-a488-44b0-b51c-1755cd19ebe2;e1ce01e3-3ad8-4ae8-b38b-91ad0bc88d58;nearest;0.18;0.9;000;0C;0279
94016_1415_00066;94016_1415;66;;Avenue Carnot;94230;94016;Cachan;;;650376.12;6855715.84;2.324414;48.799611;entrée;;;CACHAN;AVENUE CARNOT;inconnue;inconnue;0;940160000A0148;fa5c3147-5c19-4201-a272-b3a9395912b3;4316a259-a488-44b0-b51c-1755cd19ebe2;e1ce01e3-3ad8-4ae8-b38b-91ad0bc88d58;nearest;0.77;0.9;000;0A;0148
94016_1415_00067;94016_1415;67;;Avenue Carnot;94230;94016;Cachan;;;650374.98;6855694.17;2.324401;48.799416;entrée;;;CACHAN;AVENUE CARNOT;inconnue;inconnue;0;940160000C0005;a71056fc-09d5-4d1b-aece-6bad532d9208;4316a259-a488-44b0-b51c-1755cd19ebe2;e1ce01e3-3ad8-4ae8-b38b-91ad0bc88d58;nearest;0.23;0.9;000;0C;0005
94016_1415_00068;94016_1415;68;;Avenue Carnot;94230;94016;Cachan;;;650362.67;6855723.97;2.32423;48.799683;entrée;;;CACHAN;AVENUE CARNOT;inconnue;inconnue;0;940160000A0163;3f1bd739-12ed-4662-a875-50a182e9bac9;4316a259-a488-44b0-b51c-1755cd19ebe2;e1ce01e3-3ad8-4ae8-b38b-91ad0bc88d58;nearest;0.97;0.9;000;0A;0163
94016_1415_00069;94016_1415;69;;Avenue Carnot;94230;94016;Cachan;;;650362.7;6855701.62;2.324233;48.799482;entrée;;;CACHAN;AVENUE CARNOT;inconnue;inconnue;0;940160000C0004;93c830b6-8c2b-44f2-8d4a-8732666551cf;4316a259-a488-44b0-b51c-1755cd19ebe2;e1ce01e3-3ad8-4ae8-b38b-91ad0bc88d58;nearest;0.14;0.9;000;0C;0004
94016_1415_00070;94016_1415;70;;Avenue Carnot;94230;94016;Cachan;;;650348.37;6855726.53;2.324035;48.799705;entrée;;;CACHAN;AVENUE CARNOT;inconnue;inconnue;0;940160000A0163;31912ed6-b650-4980-b43a-8e9d34bfd05e;4316a259-a488-44b0-b51c-1755cd19ebe2;e1ce01e3-3ad8-4ae8-b38b-91ad0bc88d58;nearest;6.76;0.75;000;0A;0163
94016_1415_00071;94016_1415;71;;Avenue Carnot;94230;94016;Cachan;;;650351.59;6855708.6;2.324081;48.799544;entrée;;;CACHAN;AVENUE CARNOT;inconnue;inconnue;0;940160000C0003;1accb5e1-8a9d-4a08-a025-dc2e62a5a280;4316a259-a488-44b0-b51c-1755cd19ebe2;e1ce01e3-3ad8-4ae8-b38b-91ad0bc88d58;nearest;0.29;0.9;000;0C;0003
94016_1415_00072;94016_1415;72;;Avenue Carnot;94230;94016;Cachan;;;650323.67;6855741.31;2.323697;48.799836;entrée;;;CACHAN;AVENUE CARNOT;inconnue;inconnue;0;940160000A0154;8dce4a6e-6e37-4fc5-bd34-f4f370eaf38f;4316a259-a488-44b0-b51c-1755cd19ebe2;e1ce01e3-3ad8-4ae8-b38b-91ad0bc88d58;nearest;7.14;0.75;000;0A;0154
94016_1415_00073;94016_1415;73;;Avenue Carnot;94230;94016;Cachan;;;650340.63;6855715.26;2.323931;48.799603;entrée;;;CACHAN;AVENUE CARNOT;inconnue;inconnue;0;940160000C0002;40d538cf-baab-42a7-b9ee-ac8ff701f523;4316a259-a488-44b0-b51c-1755cd19ebe2;e1ce01e3-3ad8-4ae8-b38b-91ad0bc88d58;nearest;0.22;0.9;000;0C;0002
94016_1415_00075;94016_1415;75;;Avenue Carnot;94230;94016;Cachan;;;650322.58;6855726.31;2.323684;48.799701;entrée;;;CACHAN;AVENUE CARNOT;inconnue;inconnue;0;940160000C0201;8aa5e8e8-a39f-41e7-9282-6ef768416c5d;4316a259-a488-44b0-b51c-1755cd19ebe2;e1ce01e3-3ad8-4ae8-b38b-91ad0bc88d58;nearest;0.18;0.9;000;0C;0201
94016_1415_00077;94016_1415;77;;Avenue Carnot;94230;94016;Cachan;;;650317.47;6855729.47;2.323614;48.799729;entrée;;;CACHAN;AVENUE CARNOT;inconnue;inconnue;0;940160000C0200;13ab121a-6e79-42db-a79a-c843eb09a808;4316a259-a488-44b0-b51c-1755cd19ebe2;e1ce01e3-3ad8-4ae8-b38b-91ad0bc88d58;nearest;0.2;0.9;000;0C;0200
94016_1415_00014_bis;94016_1415;14;bis;Avenue Carnot;94230;94016;Cachan;;;650726.61;6855494.36;2.329211;48.797646;segment;;;CACHAN;AVENUE CARNOT;inconnue;inconnue;0;940160000B0139;2419c393-e5b2-4518-a37c-8db3d53c8d2b;4316a259-a488-44b0-b51c-1755cd19ebe2;e1ce01e3-3ad8-4ae8-b38b-91ad0bc88d58;nearest;6.33;0.75;000;0B;0139
94016_1415_00049_bis;94016_1415;49;bis;Avenue Carnot;94230;94016;Cachan;;;650491.6;6855622.46;2.325997;48.79878;entrée;;;CACHAN;AVENUE CARNOT;inconnue;inconnue;0;940160000C0054;6676004f-53df-4005-a6e3-c96ed84d5593;4316a259-a488-44b0-b51c-1755cd19ebe2;e1ce01e3-3ad8-4ae8-b38b-91ad0bc88d58;nearest;0.19;0.9;000;0C;0054
94016_1415_00015_bis;94016_1415;15;bis;Avenue Carnot;94230;94016;Cachan;;;650755.92;6855460.42;2.329614;48.797343;entrée;;;CACHAN;AVENUE CARNOT;inconnue;inconnue;0;940160000B0057;39b7fcb1-6b87-4d1c-af2e-39481673be0b;4316a259-a488-44b0-b51c-1755cd19ebe2;e1ce01e3-3ad8-4ae8-b38b-91ad0bc88d58;nearest;0.55;0.9;000;0B;0057
94016_1415_00069_a;94016_1415;69;a;Avenue Carnot;94230;94016;Cachan;;;650362.02;6855707.85;2.324223;48.799538;segment;;;CACHAN;AVENUE CARNOT;inconnue;inconnue;0;940160000C0004;23fe7486-4743-445c-9e69-04708f4d6643;4316a259-a488-44b0-b51c-1755cd19ebe2;e1ce01e3-3ad8-4ae8-b38b-91ad0bc88d58;nearest;5.52;0.75;000;0C;0004
94016_1415_00053_bis;94016_1415;53;bis;Avenue Carnot;94230;94016;Cachan;;;650465.2;6855644.36;2.325635;48.798975;segment;;;CACHAN;AVENUE CARNOT;inconnue;inconnue;0;940160000C0281;65dfa5ee-e394-4ead-9d12-9914918d26d0;4316a259-a488-44b0-b51c-1755cd19ebe2;e1ce01e3-3ad8-4ae8-b38b-91ad0bc88d58;nearest;5.43;0.75;000;0C;0281
94016_1415_00063_bis;94016_1415;63;bis;Avenue Carnot;94230;94016;Cachan;;;650399.38;6855679.17;2.324735;48.799283;entrée;;;CACHAN;AVENUE CARNOT;inconnue;inconnue;0;940160000C0192;38ed7da7-eb78-424f-8922-2c909e869bf9;4316a259-a488-44b0-b51c-1755cd19ebe2;e1ce01e3-3ad8-4ae8-b38b-91ad0bc88d58;nearest;0.19;0.9;000;0C;0192
94016_1415_00021_bis;94016_1415;21;bis;Avenue Carnot;94230;94016;Cachan;;;650774.24;6855455.04;2.329864;48.797296;segment;;;CACHAN;AVENUE CARNOT;inconnue;inconnue;0;940160000B0132;950a6f16-7f82-498a-83bc-a35b1b451565;4316a259-a488-44b0-b51c-1755cd19ebe2;e1ce01e3-3ad8-4ae8-b38b-91ad0bc88d58;nearest;5.97;0.75;000;0B;0132
94016_1415_00069_b;94016_1415;69;b;Avenue Carnot;94230;94016;Cachan;;;650376.78;6855698.94;2.324425;48.799459;segment;;;CACHAN;AVENUE CARNOT;inconnue;inconnue;0;940160000C0005;64319a91-cc3c-4d5f-9747-07e8fa4017b7;4316a259-a488-44b0-b51c-1755cd19ebe2;e1ce01e3-3ad8-4ae8-b38b-91ad0bc88d58;nearest;5.67;0.75;000;0C;0005
94016_1415_00032_bis;94016_1415;32;bis;Avenue Carnot;94230;94016;Cachan;;;650592.86;6855592.02;2.327379;48.798514;;;;CACHAN;AVENUE CARNOT;arcep;inconnue;0;940160000A0142;84235f5d-f809-4594-8047-8c1b03fd064e;4316a259-a488-44b0-b51c-1755cd19ebe2;e1ce01e3-3ad8-4ae8-b38b-91ad0bc88d58;within;0.0;1.0;000;0A;0142
94016_1415_00006_bis;94016_1415;6;bis;Avenue Carnot;94230;94016;Cachan;;;650608.1;6855760.01;2.327567;48.800026;;;;CACHAN;AVENUE CARNOT;arcep;inconnue;0;940160000A0126;cb3a85ab-d6a4-40c6-9b09-b5f2f033a608;4316a259-a488-44b0-b51c-1755cd19ebe2;e1ce01e3-3ad8-4ae8-b38b-91ad0bc88d58;within;0.0;1.0;000;0A;0126
94016_4140_00002;94016_4140;2;;Rue Georges Vigor;94230;94016;Cachan;;;651093.87;6854767.28;2.334294;48.791135;entrée;;;CACHAN;RUE GEORGES VIGOR;inconnue;inconnue;0;940160000Z0132;aa8af4c4-9284-4a51-a295-46e06e3a3624;6c61af5c-9551-44ff-a085-5eab324d599d;e1ce01e3-3ad8-4ae8-b38b-91ad0bc88d58;nearest;0.07;0.9;000;0Z;0132
94016_4140_00004;94016_4140;4;;Rue Georges Vigor;94230;94016;Cachan;;;651105.72;6854760.51;2.334456;48.791075;entrée;;;CACHAN;RUE GEORGES VIGOR;inconnue;inconnue;0;940160000Z0031;7c2103c4-e3ea-4b4d-8f21-08495963e085;6c61af5c-9551-44ff-a085-5eab324d599d;e1ce01e3-3ad8-4ae8-b38b-91ad0bc88d58;nearest;0.36;0.9;000;0Z;0031
94016_4140_00006;94016_4140;6;;Rue Georges Vigor;94230;94016;Cachan;;;651118.07;6854752.84;2.334625;48.791007;entrée;;;CACHAN;RUE GEORGES VIGOR;inconnue;inconnue;0;940160000Z0042;0def52a7-8bba-497d-8c6d-84e46344f816;6c61af5c-9551-44ff-a085-5eab324d599d;e1ce01e3-3ad8-4ae8-b38b-91ad0bc88d58;nearest;0.1;0.9;000;0Z;0042
94016_4140_00007;94016_4140;7;;Rue Georges Vigor;94230;94016;Cachan;;;651112.08;6854766.34;2.334542;48.791128;entrée;;;CACHAN;RUE GEORGES VIGOR;inconnue;inconnue;0;940160000Z0025;c4534c4e-d06e-4660-9804-02e807b420ef;6c61af5c-9551-44ff-a085-5eab324d599d;e1ce01e3-3ad8-4ae8-b38b-91ad0bc88d58;nearest;1.58;0.9;000;0Z;0025
94016_4140_00008;94016_4140;8;;Rue Georges Vigor;94230;94016;Cachan;;;651126.98;6854747.43;2.334747;48.790959;entrée;;;CACHAN;RUE GEORGES VIGOR;inconnue;inconnue;0;940160000Z0239;5b9f2cd6-e29f-41b1-b8f9-2f3b0cc8175e;6c61af5c-9551-44ff-a085-5eab324d599d;e1ce01e3-3ad8-4ae8-b38b-91ad0bc88d58;nearest;0.03;0.9;000;0Z;0239
94016_4140_00011;94016_4140;11;;Rue Georges Vigor;94230;94016;Cachan;;;651182.41;6854724.5;2.335504;48.790757;entrée;;;CACHAN;RUE GEORGES VIGOR;inconnue;inconnue;0;940160000Z0072;45d42652-0821-4208-a49b-9556ce4f8d23;6c61af5c-9551-44ff-a085-5eab324d599d;e1ce01e3-3ad8-4ae8-b38b-91ad0bc88d58;nearest;1.25;0.9;000;0Z;0072
94016_4140_00012;94016_4140;12;;Rue Georges Vigor;94230;94016;Cachan;;;651179.03;6854716.3;2.335459;48.790683;entrée;;;CACHAN;RUE GEORGES VIGOR;inconnue;inconnue;0;940160000Z0046;13ee3c2f-5f86-4af7-b0fb-826269af5484;6c61af5c-9551-44ff-a085-5eab324d599d;e1ce01e3-3ad8-4ae8-b38b-91ad0bc88d58;nearest;0.08;0.9;000;0Z;0046
94016_4140_00013;94016_4140;13;;Rue Georges Vigor;94230;94016;Cachan;;;651193.88;6854717.62;2.335661;48.790696;entrée;;;CACHAN;RUE GEORGES VIGOR;inconnue;inconnue;0;940160000Z0060;c007eaee-78f2-49d3-9a0f-da9849dc0cc8;6c61af5c-9551-44ff-a085-5eab324d599d;e1ce01e3-3ad8-4ae8-b38b-91ad0bc88d58;nearest;1.23;0.9;000;0Z;0060
94016_4140_00014;94016_4140;14;;Rue Georges Vigor;94230;94016;Cachan;;;651189.41;6854709.99;2.335601;48.790627;entrée;;;CACHAN;RUE GEORGES VIGOR;inconnue;inconnue;0;940160000Z0054;4c2f030a-d5f5-4574-8966-fbfbde21f251;6c61af5c-9551-44ff-a085-5eab324d599d;e1ce01e3-3ad8-4ae8-b38b-91ad0bc88d58;nearest;0.0;1.0;000;0Z;0054
94016_4140_00016;94016_4140;16;;Rue Georges Vigor;94230;94016;Cachan;;;651200.67;6854703.33;2.335755;48.790568;entrée;;;CACHAN;RUE GEORGES VIGOR;inconnue;inconnue;0;940160000Z0056;ac4f213d-f955-4739-8a7b-7dcd325e0032;6c61af5c-9551-44ff-a085-5eab324d599d;e1ce01e3-3ad8-4ae8-b38b-91ad0bc88d58;nearest;0.08;0.9;000;0Z;0056
94016_4140_00002_bis;94016_4140;2;bis;Rue Georges Vigor;94230;94016;Cachan;;;651078.81;6854776.41;2.334088;48.791216;segment;;;CACHAN;RUE GEORGES VIGOR;inconnue;inconnue;0;940160000Z0131;21534538-45ec-4f0e-8c87-195659f64bff;6c61af5c-9551-44ff-a085-5eab324d599d;e1ce01e3-3ad8-4ae8-b38b-91ad0bc88d58;nearest;3.65;0.9;000;0Z;0131
94016_8518_00002;94016_8518;2;;Rue des Saussaies;94230;94016;Cachan;;;651084.4;6854384.74;2.334209;48.787694;entrée;;;CACHAN;RUE DES SAUSSAIES;inconnue;inconnue;0;94016000AF0163;831391b6-4276-4b72-9000-dcfd2c44be85;af4cf8c9-c1bd-4870-a839-eed1983c1676;e1ce01e3-3ad8-4ae8-b38b-91ad0bc88d58;nearest;0.49;0.9;000;AF;0163
94016_8518_00005;94016_8518;5;;Rue des Saussaies;94230;94016;Cachan;;;651261.6;6854303.86;2.33663;48.78698;entrée;;;CACHAN;RUE DES SAUSSAIES;inconnue;inconnue;0;94016000AE0310;162ec0eb-aca8-48ca-982e-50a90574d3a9;af4cf8c9-c1bd-4870-a839-eed1983c1676;e1ce01e3-3ad8-4ae8-b38b-91ad0bc88d58;nearest;1.03;0.9;000;AE;0310
94016_8518_00007;94016_8518;7;;Rue des Saussaies;94230;94016;Cachan;;;651270.69;6854301.23;2.336754;48.786957;entrée;;;CACHAN;RUE DES SAUSSAIES;inconnue;inconnue;0;94016000AE0312;e465b3f4-09f8-48b4-b442-3d41658f3151;af4cf8c9-c1bd-4870-a839-eed1983c1676;e1ce01e3-3ad8-4ae8-b38b-91ad0bc88d58;nearest;1.06;0.9;000;AE;0312
94016_8518_00008;94016_8518;8;;Rue des Saussaies;94230;94016;Cachan;;;651260.48;6854292.97;2.336616;48.786882;entrée;;;CACHAN;RUE DES SAUSSAIES;inconnue;inconnue;0;94016000AG0173;32c58898-3fb6-45d6-bc82-fbbbdc7cb99a;af4cf8c9-c1bd-4870-a839-eed1983c1676;e1ce01e3-3ad8-4ae8-b38b-91ad0bc88d58;nearest;0.44;0.9;000;AG;0173
94016_8518_00009;94016_8518;9;;Rue des Saussaies;94230;94016;Cachan;;;651283.74;6854297.45;2.336932;48.786924;entrée;;;CACHAN;RUE DES SAUSSAIES;inconnue;inconnue;0;94016000AE0314;0bd637e5-61c9-45c1-897a-08daa13c9122;af4cf8c9-c1bd-4870-a839-eed1983c1676;e1ce01e3-3ad8-4ae8-b38b-91ad0bc88d58;nearest;1.06;0.9;000;AE;0314
94016_8518_00010;94016_8518;10;;Rue des Saussaies;94230;94016;Cachan;;;651282.61;6854286.34;2.336918;48.786824;entrée;;;CACHAN;RUE DES SAUSSAIES;inconnue;inconnue;0;94016000AG0177;a6469d29-2fd8-4902-9577-a5174795a908;af4cf8c9-c1bd-4870-a839-eed1983c1676;e1ce01e3-3ad8-4ae8-b38b-91ad0bc88d58;nearest;0.48;0.9;000;AG;0177
94016_8518_00012;94016_8518;12;;Rue des Saussaies;94230;94016;Cachan;;;651291.84;6854282.15;2.337044;48.786787;entrée;;;CACHAN;RUE DES SAUSSAIES;inconnue;inconnue;0;94016000AG0213;dcecde0a-e19a-4ed0-bb9c-06ec9229d839;af4cf8c9-c1bd-4870-a839-eed1983c1676;e1ce01e3-3ad8-4ae8-b38b-91ad0bc88d58;nearest;0.32;0.9;000;AG;0213
94016_8518_00014;94016_8518;14;;Rue des Saussaies;94230;94016;Cachan;;;651300.92;6854279.29;2.337168;48.786762;entrée;;;CACHAN;RUE DES SAUSSAIES;inconnue;inconnue;0;94016000AG0144;8a2e4670-9525-489d-a007-3669f8922807;af4cf8c9-c1bd-4870-a839-eed1983c1676;e1ce01e3-3ad8-4ae8-b38b-91ad0bc88d58;nearest;0.06;0.9;000;AG;0144
94016_8518_00016;94016_8518;16;;Rue des Saussaies;94230;94016;Cachan;;;651305.53;6854277.25;2.337231;48.786744;entrée;;;CACHAN;RUE DES SAUSSAIES;inconnue;inconnue;0;94016000AG0144;e6c655d4-9ff4-4d65-ab1e-c8bc249b2b13;af4cf8c9-c1bd-4870-a839-eed1983c1676;e1ce01e3-3ad8-4ae8-b38b-91ad0bc88d58;nearest;0.56;0.9;000;AG;0144
94016_8518_00019;94016_8518;19;;Rue des Saussaies;94230;94016;Cachan;;;651351.02;6854278.09;2.33785;48.786755;entrée;;;CACHAN;RUE DES SAUSSAIES;inconnue;inconnue;0;94016000AE0409;08ee015a-f5f6-43b6-9047-7c47c749f332;af4cf8c9-c1bd-4870-a839-eed1983c1676;e1ce01e3-3ad8-4ae8-b38b-91ad0bc88d58;nearest;1.34;0.9;000;AE;0409
94016_8518_00021;94016_8518;21;;Rue des Saussaies;94230;94016;Cachan;;;651364.37;6854274.87;2.338032;48.786727;entrée;;;CACHAN;RUE DES SAUSSAIES;inconnue;inconnue;0;94016000AE0105;6b819cef-ab72-4bab-bd6a-20d6a8048909;af4cf8c9-c1bd-4870-a839-eed1983c1676;e1ce01e3-3ad8-4ae8-b38b-91ad0bc88d58;nearest;1.49;0.9;000;AE;0105
94016_8518_00022;94016_8518;22;;Rue des Saussaies;94230;94016;Cachan;;;651364.01;6854266.98;2.338028;48.786656;segment;;;CACHAN;RUE DES SAUSSAIES;inconnue;inconnue;0;94016000AG0186;b7598dd7-5098-4427-940a-0d3cd3bd3f68;af4cf8c9-c1bd-4870-a839-eed1983c1676;e1ce01e3-3ad8-4ae8-b38b-91ad0bc88d58;within;0.0;1.0;000;AG;0186
94016_8518_00023;94016_8518;23;;Rue des Saussaies;94230;94016;Cachan;;;651388.5;6854269.44;2.338361;48.78668;entrée;;;CACHAN;RUE DES SAUSSAIES;inconnue;inconnue;0;94016000AE0389;e56fe982-e133-47f1-82d1-987ed8c187bb;af4cf8c9-c1bd-4870-a839-eed1983c1676;e1ce01e3-3ad8-4ae8-b38b-91ad0bc88d58;nearest;1.41;0.9;000;AE;0389
94016_8518_00024;94016_8518;24;;Rue des Saussaies;94230;94016;Cachan;;;651385.12;6854261.13;2.338316;48.786605;entrée;;;CACHAN;RUE DES SAUSSAIES;inconnue;inconnue;0;94016000AG0076;91f2e3cb-a012-45b7-9eed-f2299da233b1;af4cf8c9-c1bd-4870-a839-eed1983c1676;e1ce01e3-3ad8-4ae8-b38b-91ad0bc88d58;within;0.0;1.0;000;AG;0076
94016_8518_00025;94016_8518;25;;Rue des Saussaies;94230;94016;Cachan;;;651453.63;6854256;2.339249;48.786564;entrée;;;CACHAN;RUE DES SAUSSAIES;inconnue;inconnue;0;94016000AD0325;0d80ea35-9d1a-4262-af93-ba84b496ce28;af4cf8c9-c1bd-4870-a839-eed1983c1676;e1ce01e3-3ad8-4ae8-b38b-91ad0bc88d58;nearest;2.14;0.9;000;AD;0325
94016_8518_00026;94016_8518;26;;Rue des Saussaies;94230;94016;Cachan;;;651464.47;6854243.9;2.339398;48.786456;entrée;;;CACHAN;RUE DES SAUSSAIES;inconnue;inconnue;0;94016000AH0317;94dbb64d-ee7d-4a5f-b2c6-07c5d87bac30;af4cf8c9-c1bd-4870-a839-eed1983c1676;e1ce01e3-3ad8-4ae8-b38b-91ad0bc88d58;nearest;0.24;0.9;000;AH;0317
94016_8518_00028;94016_8518;28;;Rue des Saussaies;94230;94016;Cachan;;;651510.42;6854229.28;2.340025;48.786328;entrée;;;CACHAN;RUE DES SAUSSAIES;inconnue;inconnue;0;94016000AD0350;b79a4350-c31e-4edd-9529-a73fdf13976f;af4cf8c9-c1bd-4870-a839-eed1983c1676;e1ce01e3-3ad8-4ae8-b38b-91ad0bc88d58;within;0.0;1.0;000;AD;0350
94016_8518_00030;94016_8518;30;;Rue des Saussaies;94230;94016;Cachan;;;651519.33;6854230.98;2.340146;48.786344;entrée;;;CACHAN;RUE DES SAUSSAIES;inconnue;inconnue;0;94016000AD0350;81ac951e-2d03-4171-885c-85e892018063;af4cf8c9-c1bd-4870-a839-eed1983c1676;e1ce01e3-3ad8-4ae8-b38b-91ad0bc88d58;within;0.0;1.0;000;AD;0350
94016_8518_00032;94016_8518;32;;Rue des Saussaies;94230;94016;Cachan;;;651528.7;6854227.46;2.340274;48.786313;entrée;;;CACHAN;RUE DES SAUSSAIES;inconnue;inconnue;0;94016000AD0350;a1a4d712-19cb-422a-81dd-8cef69c5c421;af4cf8c9-c1bd-4870-a839-eed1983c1676;e1ce01e3-3ad8-4ae8-b38b-91ad0bc88d58;within;0.0;1.0;000;AD;0350
94016_8518_00036;94016_8518;36;;Rue des Saussaies;94230;94016;Cachan;;;651539.87;6854227.81;2.340426;48.786317;entrée;;;CACHAN;RUE DES SAUSSAIES;inconnue;inconnue;0;94016000AD0350;f7fe1e6e-15fb-419d-ba2b-5c2d8b1bd3c5;af4cf8c9-c1bd-4870-a839-eed1983c1676;e1ce01e3-3ad8-4ae8-b38b-91ad0bc88d58;nearest;0.59;0.9;000;AD;0350
94016_8518_00040;94016_8518;40;;Rue des Saussaies;94230;94016;Cachan;;;651555.79;6854224.67;2.340643;48.78629;entrée;;;CACHAN;RUE DES SAUSSAIES;inconnue;inconnue;0;94016000AD0350;6a2f9df9-aa8d-4d2d-ba1f-fc41e257b9d3;af4cf8c9-c1bd-4870-a839-eed1983c1676;e1ce01e3-3ad8-4ae8-b38b-91ad0bc88d58;nearest;0.89;0.9;000;AD;0350
94016_8518_00042;94016_8518;42;;Rue des Saussaies;94230;94016;Cachan;;;651560.48;6854179.27;2.340712;48.785882;parcelle;;;CACHAN;RUE DES SAUSSAIES;cadastre;inconnue;0;94016000AH0448;a05b20ed-0e62-410e-a9e9-7d0d8a68461e;af4cf8c9-c1bd-4870-a839-eed1983c1676;e1ce01e3-3ad8-4ae8-b38b-91ad0bc88d58;exist;;;000;AH;0448
94016_8518_00017_b;94016_8518;17;b;Rue des Saussaies;94230;94016;Cachan;;;651344.63;6854295.94;2.337761;48.786915;entrée;;;CACHAN;RUE DES SAUSSAIES;inconnue;inconnue;0;94016000AE0408;3533bca1-da04-4201-90dd-729b1e0848c8;af4cf8c9-c1bd-4870-a839-eed1983c1676;e1ce01e3-3ad8-4ae8-b38b-91ad0bc88d58;within;0.0;1.0;000;AE;0408
94016_8518_00024_ter;94016_8518;24;ter;Rue des Saussaies;94230;94016;Cachan;;;651451.72;6854247.23;2.339224;48.786485;entrée;;;CACHAN;RUE DES SAUSSAIES;inconnue;inconnue;0;94016000AH0316;37b51873-816f-4eb6-87ad-c1a6b9f1931a;af4cf8c9-c1bd-4870-a839-eed1983c1676;e1ce01e3-3ad8-4ae8-b38b-91ad0bc88d58;nearest;0.83;0.9;000;AH;0316
94016_8518_00042_bis;94016_8518;42;bis;Rue des Saussaies;94230;94016;Cachan;;;651567.09;6854223.02;2.340797;48.786276;segment;;;CACHAN;RUE DES SAUSSAIES;inconnue;inconnue;0;94016000AD0350;e7204798-6f8a-43f4-95de-62c54f571afb;af4cf8c9-c1bd-4870-a839-eed1983c1676;e1ce01e3-3ad8-4ae8-b38b-91ad0bc88d58;nearest;1.68;0.9;000;AD;0350
94016_8518_00008_bis;94016_8518;8;bis;Rue des Saussaies;94230;94016;Cachan;;;651272.57;6854289.31;2.336781;48.78685;entrée;;;CACHAN;RUE DES SAUSSAIES;inconnue;inconnue;0;94016000AG0175;f888b456-d65f-42b1-b31a-a726c755e66a;af4cf8c9-c1bd-4870-a839-eed1983c1676;e1ce01e3-3ad8-4ae8-b38b-91ad0bc88d58;nearest;0.43;0.9;000;AG;0175
94016_1410_00001;94016_1410;1;;Rue Camille Desmoulins;94230;94016;Cachan;;;651164.6;6855157.52;2.335212;48.79465;entrée;;;CACHAN;RUE CAMILLE DESMOULINS;inconnue;inconnue;0;940160000Y0460;384c4a50-0db2-49fb-ae4c-9263cb9bde08;30c99493-695a-4659-81b1-336126c05173;e1ce01e3-3ad8-4ae8-b38b-91ad0bc88d58;nearest;0.94;0.9;000;0Y;0460
94016_1410_00003;94016_1410;3;;Rue Camille Desmoulins;94230;94016;Cachan;;;651120.49;6855119.2;2.334616;48.794302;entrée;;;CACHAN;RUE CAMILLE DESMOULINS;inconnue;inconnue;0;940160000Y0463;1405e4f8-6c8d-475c-b3e5-ff916cdffaf6;30c99493-695a-4659-81b1-336126c05173;e1ce01e3-3ad8-4ae8-b38b-91ad0bc88d58;nearest;0.68;0.9;000;0Y;0463
94016_1410_00005;94016_1410;5;;Rue Camille Desmoulins;94230;94016;Cachan;;;651105.82;6855103.87;2.334418;48.794163;entrée;;;CACHAN;RUE CAMILLE DESMOULINS;inconnue;inconnue;0;940160000Y0457;db6e9973-61e1-42af-bf23-d209d60a45d3;30c99493-695a-4659-81b1-336126c05173;e1ce01e3-3ad8-4ae8-b38b-91ad0bc88d58;nearest;0.6;0.9;000;0Y;0457
94016_1410_00006;94016_1410;6;;Rue Camille Desmoulins;94230;94016;Cachan;;;651095.79;6855160.99;2.334275;48.794676;;;;CACHAN;RUE CAMILLE DESMOULINS;arcep;inconnue;0;940160000R0181;3bd219f8-6f47-4efb-977f-2c25f59a8a1c;30c99493-695a-4659-81b1-336126c05173;e1ce01e3-3ad8-4ae8-b38b-91ad0bc88d58;within;0.0;1.0;000;0R;0181
94016_1410_00007;94016_1410;7;;Rue Camille Desmoulins;94230;94016;Cachan;;;651117.68;6855125.67;2.334577;48.79436;segment;;;CACHAN;RUE CAMILLE DESMOULINS;inconnue;inconnue;0;940160000Y0463;3030680b-a333-4dbc-ad07-d15b315f399f;30c99493-695a-4659-81b1-336126c05173;e1ce01e3-3ad8-4ae8-b38b-91ad0bc88d58;nearest;8.46;0.75;000;0Y;0463
94016_1410_00008;94016_1410;8;;Rue Camille Desmoulins;94230;94016;Cachan;;;651102.53;6855124.02;2.334371;48.794344;entrée;;;CACHAN;RUE CAMILLE DESMOULINS;inconnue;inconnue;0;940160000R0181;9fbd9a05-59d3-46bc-be5e-e64bad67f569;30c99493-695a-4659-81b1-336126c05173;e1ce01e3-3ad8-4ae8-b38b-91ad0bc88d58;nearest;1.74;0.9;000;0R;0181
94016_1410_00009;94016_1410;9;;Rue Camille Desmoulins;94230;94016;Cachan;;;651093.47;6855085.96;2.334252;48.794001;entrée;;;CACHAN;RUE CAMILLE DESMOULINS;inconnue;inconnue;0;940160000Y0457;5eda79b8-a5cc-48ba-8f41-abb6342b2b3a;30c99493-695a-4659-81b1-336126c05173;e1ce01e3-3ad8-4ae8-b38b-91ad0bc88d58;nearest;1.1;0.9;000;0Y;0457
94016_1410_00010;94016_1410;10;;Rue Camille Desmoulins;94230;94016;Cachan;;;651041.52;6855041.47;2.33355;48.793597;entrée;;;CACHAN;RUE CAMILLE DESMOULINS;inconnue;inconnue;0;940160000Q0161;f779ae37-fdb7-4b43-975d-6172cdf382ba;30c99493-695a-4659-81b1-336126c05173;e1ce01e3-3ad8-4ae8-b38b-91ad0bc88d58;nearest;1.84;0.9;000;0Q;0161
94016_1410_00011;94016_1410;11;;Rue Camille Desmoulins;94230;94016;Cachan;;;651091.01;6855081.75;2.334219;48.793963;entrée;;;CACHAN;RUE CAMILLE DESMOULINS;inconnue;inconnue;0;940160000Y0457;31338b73-58ad-44fa-8c4b-9735900e8008;30c99493-695a-4659-81b1-336126c05173;e1ce01e3-3ad8-4ae8-b38b-91ad0bc88d58;nearest;0.89;0.9;000;0Y;0457
94016_1410_00012;94016_1410;12;;Rue Camille Desmoulins;94230;94016;Cachan;;;651036.01;6855031.74;2.333476;48.793509;entrée;;;CACHAN;RUE CAMILLE DESMOULINS;inconnue;inconnue;0;940160000Q0161;09248a49-a4b8-4beb-814e-272f59eb3620;30c99493-695a-4659-81b1-336126c05173;e1ce01e3-3ad8-4ae8-b38b-91ad0bc88d58;nearest;1.94;0.9;000;0Q;0161
94016_1410_00013;94016_1410;13;;Rue Camille Desmoulins;94230;94016;Cachan;;;651094.07;6855070.05;2.334262;48.793858;;;;CACHAN;RUE CAMILLE DESMOULINS;arcep;inconnue;0;940160000Y0457;85c7c4ad-4743-48a9-8abd-05120bba1236;30c99493-695a-4659-81b1-336126c05173;e1ce01e3-3ad8-4ae8-b38b-91ad0bc88d58;within;0.0;1.0;000;0Y;0457
94016_1410_00014;94016_1410;14;;Rue Camille Desmoulins;94230;94016;Cachan;;;651029.97;6855021.67;2.333395;48.793418;entrée;;;CACHAN;RUE CAMILLE DESMOULINS;inconnue;inconnue;0;940160000Q0161;2c7031fc-9a03-4941-b142-ca8f4034b581;30c99493-695a-4659-81b1-336126c05173;e1ce01e3-3ad8-4ae8-b38b-91ad0bc88d58;nearest;1.66;0.9;000;0Q;0161
94016_1410_00016;94016_1410;16;;Rue Camille Desmoulins;94230;94016;Cachan;;;651022.03;6854994.38;2.33329;48.793172;entrée;;;CACHAN;RUE CAMILLE DESMOULINS;inconnue;inconnue;0;940160000Q0250;a4383398-eaba-46de-8b8c-e41707fd29fd;30c99493-695a-4659-81b1-336126c05173;e1ce01e3-3ad8-4ae8-b38b-91ad0bc88d58;nearest;7.76;0.75;000;0Q;0250
94016_1410_00017;94016_1410;17;;Rue Camille Desmoulins;94230;94016;Cachan;;;651066.7;6855039.37;2.333893;48.79358;entrée;;;CACHAN;RUE CAMILLE DESMOULINS;inconnue;inconnue;0;940160000Q0288;82d6b60c-6258-40fa-a4aa-1411050f67a5;30c99493-695a-4659-81b1-336126c05173;e1ce01e3-3ad8-4ae8-b38b-91ad0bc88d58;nearest;0.09;0.9;000;0Q;0288
94016_1410_00018;94016_1410;18;;Rue Camille Desmoulins;94230;94016;Cachan;;;651017.17;6854994.09;2.333224;48.793169;entrée;;;CACHAN;RUE CAMILLE DESMOULINS;inconnue;inconnue;0;940160000Q0250;a62192e1-8ed1-4e9f-bf5e-377d5d134684;30c99493-695a-4659-81b1-336126c05173;e1ce01e3-3ad8-4ae8-b38b-91ad0bc88d58;nearest;1.88;0.9;000;0Q;0250
94016_1410_00019;94016_1410;19;;Rue Camille Desmoulins;94230;94016;Cachan;;;651052.78;6855035.15;2.333704;48.793541;segment;;;CACHAN;RUE CAMILLE DESMOULINS;inconnue;inconnue;0;;4d331a00-0b28-4e72-aace-918d3abeef3f;30c99493-695a-4659-81b1-336126c05173;e1ce01e3-3ad8-4ae8-b38b-91ad0bc88d58;missing;;0.0;;;
94016_1410_00021;94016_1410;21;;Rue Camille Desmoulins;94230;94016;Cachan;;;651047.41;6855025.64;2.333632;48.793455;segment;;;CACHAN;RUE CAMILLE DESMOULINS;inconnue;inconnue;0;940160000Q0288;03bb28a1-0a26-4122-9917-358f23adb02e;30c99493-695a-4659-81b1-336126c05173;e1ce01e3-3ad8-4ae8-b38b-91ad0bc88d58;nearest;9.68;0.75;000;0Q;0288
94016_1410_00022;94016_1410;22;;Rue Camille Desmoulins;94230;94016;Cachan;;;650982.88;6854960.47;2.332761;48.792864;entrée;;;CACHAN;RUE CAMILLE DESMOULINS;inconnue;inconnue;0;940160000Q0194;87792958-e14f-46aa-8041-e28cbf6b6f66;30c99493-695a-4659-81b1-336126c05173;e1ce01e3-3ad8-4ae8-b38b-91ad0bc88d58;within;0.0;1.0;000;0Q;0194
94016_1410_00023;94016_1410;23;;Rue Camille Desmoulins;94230;94016;Cachan;;;651041.11;6855001.56;2.333549;48.793238;entrée;;;CACHAN;RUE CAMILLE DESMOULINS;inconnue;inconnue;0;940160000Q0288;98c97031-8456-49dc-8dd3-c7b81d856ce6;30c99493-695a-4659-81b1-336126c05173;e1ce01e3-3ad8-4ae8-b38b-91ad0bc88d58;nearest;0.29;0.9;000;0Q;0288
94016_1410_00024;94016_1410;24;;Rue Camille Desmoulins;94230;94016;Cachan;;;651001.82;6854951.08;2.33302;48.792781;segment;;;CACHAN;RUE CAMILLE DESMOULINS;inconnue;inconnue;0;940160000Q0194;ec9ea907-90d3-4fb5-9ea5-b88b1183fa92;30c99493-695a-4659-81b1-336126c05173;e1ce01e3-3ad8-4ae8-b38b-91ad0bc88d58;nearest;7.3;0.75;000;0Q;0194
94016_1410_00025;94016_1410;25;;Rue Camille Desmoulins;94230;94016;Cachan;;;651038.27;6854995.25;2.333511;48.793181;entrée;;;CACHAN;RUE CAMILLE DESMOULINS;inconnue;inconnue;0;940160000Q0288;274f475c-eaaf-425f-951b-5301ec4ca3cb;30c99493-695a-4659-81b1-336126c05173;e1ce01e3-3ad8-4ae8-b38b-91ad0bc88d58;nearest;0.25;0.9;000;0Q;0288
94016_1410_00026;94016_1410;26;;Rue Camille Desmoulins;94230;94016;Cachan;;;650982.21;6854942.46;2.332754;48.792702;entrée;;;CACHAN;RUE CAMILLE DESMOULINS;inconnue;inconnue;0;940160000Q0183;db726239-3611-49dd-a476-d59edc8450e1;30c99493-695a-4659-81b1-336126c05173;e1ce01e3-3ad8-4ae8-b38b-91ad0bc88d58;within;0.0;1.0;000;0Q;0183
94016_1410_00027;94016_1410;27;;Rue Camille Desmoulins;94230;94016;Cachan;;;651032.44;6854983.06;2.333433;48.793071;entrée;;;CACHAN;RUE CAMILLE DESMOULINS;inconnue;inconnue;0;940160000Q0288;ea050777-dd69-4fc3-a4ba-60b7a91c4129;30c99493-695a-4659-81b1-336126c05173;e1ce01e3-3ad8-4ae8-b38b-91ad0bc88d58;nearest;0.59;0.9;000;0Q;0288
94016_1410_00028;94016_1410;28;;Rue Camille Desmoulins;94230;94016;Cachan;;;650981.92;6854934.01;2.332751;48.792626;entrée;;;CACHAN;RUE CAMILLE DESMOULINS;inconnue;inconnue;0;940160000Q0183;a933c217-824b-4e5b-9265-f564266804a3;30c99493-695a-4659-81b1-336126c05173;e1ce01e3-3ad8-4ae8-b38b-91ad0bc88d58;within;0.0;1.0;000;0Q;0183
94016_1410_00029;94016_1410;29;;Rue Camille Desmoulins;94230;94016;Cachan;;;651026.52;6854969.77;2.333354;48.792951;entrée;;;CACHAN;RUE CAMILLE DESMOULINS;inconnue;inconnue;0;940160000Q0288;487597cd-a699-42da-b2f4-051e3de3b7aa;30c99493-695a-4659-81b1-336126c05173;e1ce01e3-3ad8-4ae8-b38b-91ad0bc88d58;nearest;0.42;0.9;000;0Q;0288
94016_1410_00030;94016_1410;30;;Rue Camille Desmoulins;94230;94016;Cachan;;;650998.53;6854944.1;2.332976;48.792718;segment;;;CACHAN;RUE CAMILLE DESMOULINS;inconnue;inconnue;0;940160000Q0187;ed024053-3e2f-4894-a2d5-da27650d929d;30c99493-695a-4659-81b1-336126c05173;e1ce01e3-3ad8-4ae8-b38b-91ad0bc88d58;nearest;7.2;0.75;000;0Q;0187
94016_1410_00031;94016_1410;31;;Rue Camille Desmoulins;94230;94016;Cachan;;;651020.54;6854957.15;2.333274;48.792837;entrée;;;CACHAN;RUE CAMILLE DESMOULINS;inconnue;inconnue;0;940160000Q0288;6fe27426-9c44-45fa-ab39-26fef1bc3c6b;30c99493-695a-4659-81b1-336126c05173;e1ce01e3-3ad8-4ae8-b38b-91ad0bc88d58;nearest;0.69;0.9;000;0Q;0288
94016_1410_00032;94016_1410;32;;Rue Camille Desmoulins;94230;94016;Cachan;;;650981.33;6854925.45;2.332744;48.792549;entrée;;;CACHAN;RUE CAMILLE DESMOULINS;inconnue;inconnue;0;940160000Q0179;7e2b4c16-a2b4-419f-96b0-36091408aedb;30c99493-695a-4659-81b1-336126c05173;e1ce01e3-3ad8-4ae8-b38b-91ad0bc88d58;within;0.0;1.0;000;0Q;0179
94016_1410_00033;94016_1410;33;;Rue Camille Desmoulins;94230;94016;Cachan;;;651014.92;6854944.74;2.333199;48.792725;entrée;;;CACHAN;RUE CAMILLE DESMOULINS;cadastre;inconnue;0;940160000Q0288;2f675ccc-982e-4aab-b008-a89463b3cf6d;30c99493-695a-4659-81b1-336126c05173;e1ce01e3-3ad8-4ae8-b38b-91ad0bc88d58;exist;;;000;0Q;0288
94016_1410_00034;94016_1410;34;;Rue Camille Desmoulins;94230;94016;Cachan;;;650981;6854921.01;2.33274;48.792509;entrée;;;CACHAN;RUE CAMILLE DESMOULINS;inconnue;inconnue;0;940160000Q0179;44e1b5e9-a359-4994-84c5-f8dfaacf9f8b;30c99493-695a-4659-81b1-336126c05173;e1ce01e3-3ad8-4ae8-b38b-91ad0bc88d58;within;0.0;1.0;000;0Q;0179
94016_1410_00035;94016_1410;35;;Rue Camille Desmoulins;94230;94016;Cachan;;;651002.07;6854919.5;2.333027;48.792497;entrée;;;CACHAN;RUE CAMILLE DESMOULINS;inconnue;inconnue;0;940160000Q0251;4e5f1ae0-dc2d-45fa-b0aa-52a7d225869a;30c99493-695a-4659-81b1-336126c05173;e1ce01e3-3ad8-4ae8-b38b-91ad0bc88d58;nearest;2.39;0.9;000;0Q;0251
94016_1410_00036;94016_1410;36;;Rue Camille Desmoulins;94230;94016;Cachan;;;650974.43;6854900.38;2.332653;48.792323;entrée;;;CACHAN;RUE CAMILLE DESMOULINS;inconnue;inconnue;0;940160000Q0252;b6292e34-53c6-4388-8360-1dd8af652f33;30c99493-695a-4659-81b1-336126c05173;e1ce01e3-3ad8-4ae8-b38b-91ad0bc88d58;nearest;2.11;0.9;000;0Q;0252
94016_1410_00037;94016_1410;37;;Rue Camille Desmoulins;94230;94016;Cachan;;;650997.7;6854906.52;2.332969;48.79238;entrée;;;CACHAN;RUE CAMILLE DESMOULINS;inconnue;inconnue;0;940160000Q0251;014743b9-9965-4403-b432-052b40051e24;30c99493-695a-4659-81b1-336126c05173;e1ce01e3-3ad8-4ae8-b38b-91ad0bc88d58;nearest;0.44;0.9;000;0Q;0251
94016_1410_00038;94016_1410;38;;Rue Camille Desmoulins;94230;94016;Cachan;;;650954.51;6854855.52;2.332387;48.791918;entrée;;;CACHAN;RUE CAMILLE DESMOULINS;inconnue;inconnue;0;940160000Q0301;0f8f44a5-4c2c-4b78-a161-3667f4b3c88b;30c99493-695a-4659-81b1-336126c05173;e1ce01e3-3ad8-4ae8-b38b-91ad0bc88d58;nearest;1.9;0.9;000;0Q;0301
94016_1410_00040;94016_1410;40;;Rue Camille Desmoulins;94230;94016;Cachan;;;650940.22;6854824.39;2.332196;48.791637;entrée;;;CACHAN;RUE CAMILLE DESMOULINS;inconnue;inconnue;0;940160000Q0284;d4113c01-c297-4f90-952f-093228ec0362;30c99493-695a-4659-81b1-336126c05173;e1ce01e3-3ad8-4ae8-b38b-91ad0bc88d58;nearest;1.82;0.9;000;0Q;0284
94016_1410_00041;94016_1410;41;;Rue Camille Desmoulins;94230;94016;Cachan;;;650968;6854842.73;2.332572;48.791804;entrée;;;CACHAN;RUE CAMILLE DESMOULINS;inconnue;inconnue;0;940160000Q0200;8c633fcf-abbd-46da-9a84-a5f129b3b7bd;30c99493-695a-4659-81b1-336126c05173;e1ce01e3-3ad8-4ae8-b38b-91ad0bc88d58;nearest;0.97;0.9;000;0Q;0200
94016_1410_00042;94016_1410;42;;Rue Camille Desmoulins;94230;94016;Cachan;;;650931.38;6854805.01;2.332078;48.791462;entrée;;;CACHAN;RUE CAMILLE DESMOULINS;inconnue;inconnue;0;940160000Q0300;e00b54a6-65d9-43fc-a9ba-3b77677003b7;30c99493-695a-4659-81b1-336126c05173;e1ce01e3-3ad8-4ae8-b38b-91ad0bc88d58;nearest;1.99;0.9;000;0Q;0300
94016_1410_00043;94016_1410;43;;Rue Camille Desmoulins;94230;94016;Cachan;;;650955.71;6854815.03;2.332408;48.791554;entrée;;;CACHAN;RUE CAMILLE DESMOULINS;inconnue;inconnue;0;940160000Q0253;718850a0-3540-4124-a0bb-d69eabb75d5c;30c99493-695a-4659-81b1-336126c05173;e1ce01e3-3ad8-4ae8-b38b-91ad0bc88d58;nearest;0.5;0.9;000;0Q;0253
94016_1410_00044;94016_1410;44;;Rue Camille Desmoulins;94230;94016;Cachan;;;650921.89;6854785.3;2.331951;48.791284;entrée;;;CACHAN;RUE CAMILLE DESMOULINS;inconnue;inconnue;0;940160000Q0280;4a7d42f8-3a8f-42e2-abb9-150604a35e5d;30c99493-695a-4659-81b1-336126c05173;e1ce01e3-3ad8-4ae8-b38b-91ad0bc88d58;nearest;1.53;0.9;000;0Q;0280
94016_1410_00045;94016_1410;45;;Rue Camille Desmoulins;94230;94016;Cachan;;;650942.77;6854787.68;2.332235;48.791307;entrée;;;CACHAN;RUE CAMILLE DESMOULINS;inconnue;inconnue;0;940160000Q0253;e4997b26-58fb-4fdb-ae3f-435946205225;30c99493-695a-4659-81b1-336126c05173;e1ce01e3-3ad8-4ae8-b38b-91ad0bc88d58;nearest;1.07;0.9;000;0Q;0253
94016_1410_00047;94016_1410;47;;Rue Camille Desmoulins;94230;94016;Cachan;;;650934.83;6854769.73;2.332129;48.791145;entrée;;;CACHAN;RUE CAMILLE DESMOULINS;inconnue;inconnue;0;940160000Q0253;0ee4f49a-cdcc-4bd6-9554-8e39fe2b6aef;30c99493-695a-4659-81b1-336126c05173;e1ce01e3-3ad8-4ae8-b38b-91ad0bc88d58;nearest;0.78;0.9;000;0Q;0253
94016_1410_00049;94016_1410;49;;Rue Camille Desmoulins;94230;94016;Cachan;;;650913.94;6854723.21;2.33185;48.790725;entrée;;;CACHAN;RUE CAMILLE DESMOULINS;inconnue;inconnue;0;940160000O0165;81e1a879-d4e4-425c-9b9d-8e627182c1bc;30c99493-695a-4659-81b1-336126c05173;e1ce01e3-3ad8-4ae8-b38b-91ad0bc88d58;nearest;0.32;0.9;000;0O;0165
94016_1410_00050;94016_1410;50;;Rue Camille Desmoulins;94230;94016;Cachan;;;650889.91;6854792.46;2.331515;48.791346;entrée;;;CACHAN;RUE CAMILLE DESMOULINS;inconnue;inconnue;0;940160000Q0297;aa9bd911-390b-43ca-a1ff-427301ca4d6b;30c99493-695a-4659-81b1-336126c05173;e1ce01e3-3ad8-4ae8-b38b-91ad0bc88d58;within;0.0;1.0;000;0Q;0297
94016_1410_00052;94016_1410;52;;Rue Camille Desmoulins;94230;94016;Cachan;;;650871.68;6854807.85;2.331265;48.791483;entrée;;;CACHAN;RUE CAMILLE DESMOULINS;inconnue;inconnue;0;940160000Q0297;a40be8ca-f05a-4372-a0c1-8e4ad350ccdd;30c99493-695a-4659-81b1-336126c05173;e1ce01e3-3ad8-4ae8-b38b-91ad0bc88d58;within;0.0;1.0;000;0Q;0297
94016_1410_00054;94016_1410;54;;Rue Camille Desmoulins;94230;94016;Cachan;;;650858.88;6854814.74;2.33109;48.791544;entrée;;;CACHAN;RUE CAMILLE DESMOULINS;inconnue;inconnue;0;940160000Q0297;eaa19ce2-8139-4709-bf3c-bf79bd0fa675;30c99493-695a-4659-81b1-336126c05173;e1ce01e3-3ad8-4ae8-b38b-91ad0bc88d58;within;0.0;1.0;000;0Q;0297
94016_1410_00056;94016_1410;56;;Rue Camille Desmoulins;94230;94016;Cachan;;;650915.84;6854748.54;2.331873;48.790953;entrée;;;CACHAN;RUE CAMILLE DESMOULINS;cadastre;inconnue;0;940160000P0002;224409aa-105f-4df0-bd67-6250c0f90d61;30c99493-695a-4659-81b1-336126c05173;e1ce01e3-3ad8-4ae8-b38b-91ad0bc88d58;exist;;;000;0P;0002
94016_1410_00060;94016_1410;60;;Rue Camille Desmoulins;94230;94016;Cachan;;;650870.23;6854706.23;2.331257;48.790569;entrée;;;CACHAN;RUE CAMILLE DESMOULINS;inconnue;inconnue;0;940160000P0032;d70804f8-6c15-4db8-835e-a24a57c55cbe;30c99493-695a-4659-81b1-336126c05173;e1ce01e3-3ad8-4ae8-b38b-91ad0bc88d58;within;0.0;1.0;000;0P;0032
94016_1410_00062;94016_1410;62;;Rue Camille Desmoulins;94230;94016;Cachan;;;650650.11;6854731.01;2.328258;48.790775;entrée;;;CACHAN;RUE CAMILLE DESMOULINS;inconnue;inconnue;0;940160000P0034;3969e73c-5382-4e1e-bdcc-a65a85b568cf;30c99493-695a-4659-81b1-336126c05173;e1ce01e3-3ad8-4ae8-b38b-91ad0bc88d58;within;0.0;1.0;000;0P;0034
94016_1410_00063;94016_1410;63;;Rue Camille Desmoulins;94230;94016;Cachan;;;650958.61;6854783.99;2.332451;48.791275;parcelle;;;CACHAN;RUE CAMILLE DESMOULINS;cadastre;inconnue;0;940160000Q0253;93b89517-f502-4ecc-b498-d7a79839228c;30c99493-695a-4659-81b1-336126c05173;e1ce01e3-3ad8-4ae8-b38b-91ad0bc88d58;exist;;;000;0Q;0253
94016_1410_00066;94016_1410;66;;Rue Camille Desmoulins;94230;94016;Cachan;;;650830.99;6854653.41;2.330729;48.790091;entrée;;;CACHAN;RUE CAMILLE DESMOULINS;inconnue;inconnue;0;940160000P0009;77ed88cd-1650-4c21-a9e8-092dac773ebb;30c99493-695a-4659-81b1-336126c05173;e1ce01e3-3ad8-4ae8-b38b-91ad0bc88d58;within;0.0;1.0;000;0P;0009
94016_1410_00068;94016_1410;68;;Rue Camille Desmoulins;94230;94016;Cachan;;;650857.7;6854693.44;2.331088;48.790453;entrée;;;CACHAN;RUE CAMILLE DESMOULINS;inconnue;inconnue;0;940160000P0032;c75e321c-8f56-43a8-8b24-99c00b2553cc;30c99493-695a-4659-81b1-336126c05173;e1ce01e3-3ad8-4ae8-b38b-91ad0bc88d58;within;0.0;1.0;000;0P;0032
94016_1410_00070;94016_1410;70;;Rue Camille Desmoulins;94230;94016;Cachan;;;650794.3;6854623.59;2.330233;48.78982;entrée;;;CACHAN;RUE CAMILLE DESMOULINS;inconnue;inconnue;0;940160000P0009;429baa74-468b-4073-b7db-3094bd465dab;30c99493-695a-4659-81b1-336126c05173;e1ce01e3-3ad8-4ae8-b38b-91ad0bc88d58;within;0.0;1.0;000;0P;0009
94016_1410_00072;94016_1410;72;;Rue Camille Desmoulins;94230;94016;Cachan;;;650792.99;6854659.74;2.330211;48.790145;entrée;;;CACHAN;RUE CAMILLE DESMOULINS;inconnue;inconnue;0;940160000P0008;7365cd18-0dbc-47e9-a2fa-33a5220fd519;30c99493-695a-4659-81b1-336126c05173;e1ce01e3-3ad8-4ae8-b38b-91ad0bc88d58;within;0.0;1.0;000;0P;0008
94016_1410_00074;94016_1410;74;;Rue Camille Desmoulins;94230;94016;Cachan;;;650702.02;6854718.78;2.328966;48.790669;entrée;;;CACHAN;RUE CAMILLE DESMOULINS;inconnue;inconnue;0;940160000P0036;0f0ce0ab-67a4-423c-a8be-84542f71d3ee;30c99493-695a-4659-81b1-336126c05173;e1ce01e3-3ad8-4ae8-b38b-91ad0bc88d58;within;0.0;1.0;000;0P;0036
94016_1410_00076;94016_1410;76;;Rue Camille Desmoulins;94230;94016;Cachan;;;650765.92;6854725.8;2.329835;48.790737;entrée;;;CACHAN;RUE CAMILLE DESMOULINS;inconnue;inconnue;0;940160000P0036;df5a4477-ddb0-4ec2-8772-3b40a2706be0;30c99493-695a-4659-81b1-336126c05173;e1ce01e3-3ad8-4ae8-b38b-91ad0bc88d58;within;0.0;1.0;000;0P;0036
94016_1410_00078;94016_1410;78;;Rue Camille Desmoulins;94230;94016;Cachan;;;650885.71;6854695.09;2.331469;48.79047;segment;;;CACHAN;RUE CAMILLE DESMOULINS;inconnue;inconnue;0;940160000P0009;f8b0ebbf-9902-46c4-a5d4-8ff5c9959df5;30c99493-695a-4659-81b1-336126c05173;e1ce01e3-3ad8-4ae8-b38b-91ad0bc88d58;nearest;1.55;0.9;000;0P;0009
94016_1410_00001_bis;94016_1410;1;bis;Rue Camille Desmoulins;94230;94016;Cachan;;;651164.67;6855157.52;2.335213;48.79465;entrée;;;CACHAN;RUE CAMILLE DESMOULINS;inconnue;inconnue;0;940160000Y0460;99f3687f-9ce7-41dc-a1ee-8d8991f4a637;30c99493-695a-4659-81b1-336126c05173;e1ce01e3-3ad8-4ae8-b38b-91ad0bc88d58;nearest;0.85;0.9;000;0Y;0460
94016_1410_00021_bis;94016_1410;21;bis;Rue Camille Desmoulins;94230;94016;Cachan;;;651042.33;6855015.67;2.333564;48.793365;entrée;;;CACHAN;RUE CAMILLE DESMOULINS;inconnue;inconnue;0;940160000Q0288;571e6716-85e2-4220-b143-6adac32ce0d7;30c99493-695a-4659-81b1-336126c05173;e1ce01e3-3ad8-4ae8-b38b-91ad0bc88d58;nearest;7.7;0.75;000;0Q;0288
94016_1410_00001_quater;94016_1410;1;quater;Rue Camille Desmoulins;94230;94016;Cachan;;;651162.42;6855168.77;2.335181;48.794751;segment;;;CACHAN;RUE CAMILLE DESMOULINS;inconnue;inconnue;0;940160000Y0460;613256e1-d6b5-4344-8b2a-3c587716dcc7;30c99493-695a-4659-81b1-336126c05173;e1ce01e3-3ad8-4ae8-b38b-91ad0bc88d58;nearest;10.57;0.75;000;0Y;0460
94016_1410_00001_ter;94016_1410;1;ter;Rue Camille Desmoulins;94230;94016;Cachan;;;651164.67;6855157.52;2.335213;48.79465;entrée;;;CACHAN;RUE CAMILLE DESMOULINS;inconnue;inconnue;0;940160000Y0460;45c59951-5c5a-4853-9e04-cff656dbc4eb;30c99493-695a-4659-81b1-336126c05173;e1ce01e3-3ad8-4ae8-b38b-91ad0bc88d58;nearest;0.85;0.9;000;0Y;0460
94016_4105_00006;94016_4105;6;;Rue Gabriel Péri;94230;94016;Cachan;;;651747.82;6855492.45;2.343113;48.797706;entrée;;;CACHAN;RUE GABRIEL PERI;inconnue;inconnue;0;940160000U0219;f7f78f25-bbd8-4962-af7b-d1d997f266df;c68f7beb-54b6-4b4c-ae9a-e1694664c507;e1ce01e3-3ad8-4ae8-b38b-91ad0bc88d58;nearest;2.22;0.9;000;0U;0219
94016_4105_00008;94016_4105;8;;Rue Gabriel Péri;94230;94016;Cachan;;;651744.37;6855483.69;2.343067;48.797627;entrée;;;CACHAN;RUE GABRIEL PERI;inconnue;inconnue;0;940160000U0221;91052aeb-5f37-4de9-a126-60f950e5e882;c68f7beb-54b6-4b4c-ae9a-e1694664c507;e1ce01e3-3ad8-4ae8-b38b-91ad0bc88d58;nearest;2.05;0.9;000;0U;0221
94016_4105_00010;94016_4105;10;;Rue Gabriel Péri;94230;94016;Cachan;;;651742.02;6855475.04;2.343036;48.797549;entrée;;;CACHAN;RUE GABRIEL PERI;inconnue;inconnue;0;940160000U0223;fce941b8-ca6f-4f2c-bfc4-d40b7f860d29;c68f7beb-54b6-4b4c-ae9a-e1694664c507;e1ce01e3-3ad8-4ae8-b38b-91ad0bc88d58;nearest;2.13;0.9;000;0U;0223
94016_4105_00012;94016_4105;12;;Rue Gabriel Péri;94230;94016;Cachan;;;651738.29;6855459.72;2.342987;48.797411;entrée;;;CACHAN;RUE GABRIEL PERI;inconnue;inconnue;0;940160000U0285;7b7cf0cc-98df-4f02-9d13-92c4e947acfd;c68f7beb-54b6-4b4c-ae9a-e1694664c507;e1ce01e3-3ad8-4ae8-b38b-91ad0bc88d58;nearest;2.13;0.9;000;0U;0285
94016_4105_00014;94016_4105;14;;Rue Gabriel Péri;94230;94016;Cachan;;;651736.53;6855450.51;2.342964;48.797328;entrée;;;CACHAN;RUE GABRIEL PERI;inconnue;inconnue;0;940160000U0227;21a834d5-bed3-41e5-999f-0d048f109dfa;c68f7beb-54b6-4b4c-ae9a-e1694664c507;e1ce01e3-3ad8-4ae8-b38b-91ad0bc88d58;nearest;1.84;0.9;000;0U;0227
94016_4105_00018;94016_4105;18;;Rue Gabriel Péri;94230;94016;Cachan;;;651721.79;6855427.17;2.342766;48.797117;entrée;;;CACHAN;RUE GABRIEL PERI;inconnue;inconnue;0;940160000U0381;03735e0e-2934-466a-bd15-4b7e4a0a010b;c68f7beb-54b6-4b4c-ae9a-e1694664c507;e1ce01e3-3ad8-4ae8-b38b-91ad0bc88d58;within;0.0;1.0;000;0U;0381
94016_4105_00020;94016_4105;20;;Rue Gabriel Péri;94230;94016;Cachan;;;651726.83;6855415.01;2.342836;48.797008;entrée;;;CACHAN;RUE GABRIEL PERI;inconnue;inconnue;0;940160000U0382;7a0652eb-3036-452f-b831-6f79f96dfe52;c68f7beb-54b6-4b4c-ae9a-e1694664c507;e1ce01e3-3ad8-4ae8-b38b-91ad0bc88d58;nearest;0.15;0.9;000;0U;0382
94016_4105_00022;94016_4105;22;;Rue Gabriel Péri;94230;94016;Cachan;;;651727.48;6855405.11;2.342846;48.796919;entrée;;;CACHAN;RUE GABRIEL PERI;inconnue;inconnue;0;940160000U0300;e5c63262-dabf-43dd-9b7d-f9df0e89fca8;c68f7beb-54b6-4b4c-ae9a-e1694664c507;e1ce01e3-3ad8-4ae8-b38b-91ad0bc88d58;nearest;0.15;0.9;000;0U;0300
94016_4105_00024;94016_4105;24;;Rue Gabriel Péri;94230;94016;Cachan;;;651729.01;6855394.2;2.342868;48.796821;entrée;;;CACHAN;RUE GABRIEL PERI;inconnue;inconnue;0;940160000U0326;65a0b7c3-ac3d-436f-bf99-801903a85e15;c68f7beb-54b6-4b4c-ae9a-e1694664c507;e1ce01e3-3ad8-4ae8-b38b-91ad0bc88d58;within;0.0;1.0;000;0U;0326
94016_4105_00026;94016_4105;26;;Rue Gabriel Péri;94230;94016;Cachan;;;651732.01;6855376.05;2.342911;48.796658;entrée;;;CACHAN;RUE GABRIEL PERI;inconnue;inconnue;0;940160000U0374;2bdddc02-520c-4075-b41d-c2db2b7196c4;c68f7beb-54b6-4b4c-ae9a-e1694664c507;e1ce01e3-3ad8-4ae8-b38b-91ad0bc88d58;nearest;0.01;0.9;000;0U;0374
94016_4105_00028;94016_4105;28;;Rue Gabriel Péri;94230;94016;Cachan;;;651734.12;6855364.47;2.342941;48.796554;entrée;;;CACHAN;RUE GABRIEL PERI;inconnue;inconnue;0;940160000U0390;ac43c679-b820-4695-a02e-237140d5aaae;c68f7beb-54b6-4b4c-ae9a-e1694664c507;e1ce01e3-3ad8-4ae8-b38b-91ad0bc88d58;nearest;0.35;0.9;000;0U;0390
94016_4105_00030;94016_4105;30;;Rue Gabriel Péri;94230;94016;Cachan;;;651735.59;6855355.34;2.342962;48.796472;entrée;;;CACHAN;RUE GABRIEL PERI;inconnue;inconnue;0;940160000U0391;bc89f101-9a83-40ad-80f5-8358ca5fc131;c68f7beb-54b6-4b4c-ae9a-e1694664c507;e1ce01e3-3ad8-4ae8-b38b-91ad0bc88d58;nearest;0.32;0.9;000;0U;0391
94016_4105_00032;94016_4105;32;;Rue Gabriel Péri;94230;94016;Cachan;;;651736.77;6855347.21;2.342979;48.796399;entrée;;;CACHAN;RUE GABRIEL PERI;inconnue;inconnue;0;940160000U0079;aa0f540b-31cd-4843-83f4-2b3121de1143;c68f7beb-54b6-4b4c-ae9a-e1694664c507;e1ce01e3-3ad8-4ae8-b38b-91ad0bc88d58;nearest;0.07;0.9;000;0U;0079
94016_4105_00034;94016_4105;34;;Rue Gabriel Péri;94230;94016;Cachan;;;651738.87;6855334.29;2.343009;48.796283;entrée;;;CACHAN;RUE GABRIEL PERI;inconnue;inconnue;0;940160000U0128;d300115b-8c2c-49e4-9f69-c100a2f4b296;c68f7beb-54b6-4b4c-ae9a-e1694664c507;e1ce01e3-3ad8-4ae8-b38b-91ad0bc88d58;nearest;0.05;0.9;000;0U;0128
94016_4105_00036;94016_4105;36;;Rue Gabriel Péri;94230;94016;Cachan;;;651740.68;6855323.27;2.343035;48.796184;entrée;;;CACHAN;RUE GABRIEL PERI;inconnue;inconnue;0;940160000U0366;17c14202-7a62-40d6-80f0-222fe3ca823d;c68f7beb-54b6-4b4c-ae9a-e1694664c507;e1ce01e3-3ad8-4ae8-b38b-91ad0bc88d58;nearest;0.08;0.9;000;0U;0366
94016_4105_00038;94016_4105;38;;Rue Gabriel Péri;94230;94016;Cachan;;;651742.38;6855314.7;2.343059;48.796107;entrée;;;CACHAN;RUE GABRIEL PERI;inconnue;inconnue;0;940160000U0360;129f809d-a2fb-42c7-91ad-8a2d9ba9b9f0;c68f7beb-54b6-4b4c-ae9a-e1694664c507;e1ce01e3-3ad8-4ae8-b38b-91ad0bc88d58;nearest;0.46;0.9;000;0U;0360
94016_4105_00042;94016_4105;42;;Rue Gabriel Péri;94230;94016;Cachan;;;651746.91;6855285.64;2.343124;48.795846;entrée;;;CACHAN;RUE GABRIEL PERI;inconnue;inconnue;0;940160000V0269;b3f3f88a-9b37-4579-afe3-b2585504c1b6;c68f7beb-54b6-4b4c-ae9a-e1694664c507;e1ce01e3-3ad8-4ae8-b38b-91ad0bc88d58;nearest;0.18;0.9;000;0V;0269
94016_4105_00044;94016_4105;44;;Rue Gabriel Péri;94230;94016;Cachan;;;651749.92;6855267.71;2.343167;48.795685;entrée;;;CACHAN;RUE GABRIEL PERI;inconnue;inconnue;0;940160000V0119;1b0552ab-9d1e-4d81-8427-b909362d1a5e;c68f7beb-54b6-4b4c-ae9a-e1694664c507;e1ce01e3-3ad8-4ae8-b38b-91ad0bc88d58;nearest;0.18;0.9;000;0V;0119
94016_4105_00046;94016_4105;46;;Rue Gabriel Péri;94230;94016;Cachan;;;651751.39;6855258.58;2.343188;48.795603;entrée;;;CACHAN;RUE GABRIEL PERI;inconnue;inconnue;0;940160000V0120;996486c0-8fc4-431c-8733-c70cfd739eda;c68f7beb-54b6-4b4c-ae9a-e1694664c507;e1ce01e3-3ad8-4ae8-b38b-91ad0bc88d58;nearest;0.14;0.9;000;0V;0120
94016_4105_00048;94016_4105;48;;Rue Gabriel Péri;94230;94016;Cachan;;;651752.99;6855248.67;2.343211;48.795514;entrée;;;CACHAN;RUE GABRIEL PERI;inconnue;inconnue;0;940160000V0131;b73c0d95-cb5c-453f-bd9d-0d6d887dd529;c68f7beb-54b6-4b4c-ae9a-e1694664c507;e1ce01e3-3ad8-4ae8-b38b-91ad0bc88d58;nearest;0.11;0.9;000;0V;0131
94016_4105_00050;94016_4105;50;;Rue Gabriel Péri;94230;94016;Cachan;;;651758.89;6855216.15;2.343295;48.795222;entrée;;;CACHAN;RUE GABRIEL PERI;inconnue;inconnue;0;940160000V0275;b860d97a-6be1-41f8-92cf-724c84e06859;c68f7beb-54b6-4b4c-ae9a-e1694664c507;e1ce01e3-3ad8-4ae8-b38b-91ad0bc88d58;nearest;0.95;0.9;000;0V;0275
94016_4105_00052;94016_4105;52;;Rue Gabriel Péri;94230;94016;Cachan;;;651763.91;6855227.23;2.343362;48.795322;segment;;;CACHAN;RUE GABRIEL PERI;inconnue;inconnue;0;940160000V0272;ca4e7b53-b370-4301-802a-477ebe3c930a;c68f7beb-54b6-4b4c-ae9a-e1694664c507;e1ce01e3-3ad8-4ae8-b38b-91ad0bc88d58;nearest;10.98;0.75;000;0V;0272
94016_4105_00058;94016_4105;58;;Rue Gabriel Péri;94230;94016;Cachan;;;651770.27;6855188.82;2.343453;48.794977;segment;;;CACHAN;RUE GABRIEL PERI;inconnue;inconnue;0;940160000V0143;f40aad0a-b58a-4530-a023-5d3dcf8ab4e4;c68f7beb-54b6-4b4c-ae9a-e1694664c507;e1ce01e3-3ad8-4ae8-b38b-91ad0bc88d58;nearest;10.88;0.75;000;0V;0143
94016_4105_00060;94016_4105;60;;Rue Gabriel Péri;94230;94016;Cachan;;;651764.12;6855181.64;2.34337;48.794912;entrée;;;CACHAN;RUE GABRIEL PERI;inconnue;inconnue;0;940160000V0143;cb669040-3e28-4a8f-b294-49232e5be2d7;c68f7beb-54b6-4b4c-ae9a-e1694664c507;e1ce01e3-3ad8-4ae8-b38b-91ad0bc88d58;nearest;0.13;0.9;000;0V;0143
94016_4105_00062;94016_4105;62;;Rue Gabriel Péri;94230;94016;Cachan;;;651766.21;6855168.5;2.3434;48.794794;entrée;;;CACHAN;RUE GABRIEL PERI;inconnue;inconnue;0;940160000V0333;916c38dd-7700-4f98-a05e-b66a25b2c983;c68f7beb-54b6-4b4c-ae9a-e1694664c507;e1ce01e3-3ad8-4ae8-b38b-91ad0bc88d58;nearest;0.09;0.9;000;0V;0333
94016_4105_00064;94016_4105;64;;Rue Gabriel Péri;94230;94016;Cachan;;;651709.1;6855155.74;2.342624;48.794675;entrée;;;CACHAN;RUE GABRIEL PERI;inconnue;inconnue;0;940160000V0320;fee11713-4fec-4b04-b27b-88ef29fba1e2;c68f7beb-54b6-4b4c-ae9a-e1694664c507;e1ce01e3-3ad8-4ae8-b38b-91ad0bc88d58;within;0.0;1.0;000;0V;0320
94016_4105_00066;94016_4105;66;;Rue Gabriel Péri;94230;94016;Cachan;;;651769.29;6855149.57;2.343444;48.794624;entrée;;;CACHAN;RUE GABRIEL PERI;inconnue;inconnue;0;940160000V0301;9e22b85a-2f20-46a2-b0a4-59442c971b8d;c68f7beb-54b6-4b4c-ae9a-e1694664c507;e1ce01e3-3ad8-4ae8-b38b-91ad0bc88d58;nearest;0.07;0.9;000;0V;0301
94016_4105_00068;94016_4105;68;;Rue Gabriel Péri;94230;94016;Cachan;;;651772.08;6855132.65;2.343484;48.794472;entrée;;;CACHAN;RUE GABRIEL PERI;inconnue;inconnue;0;940160000V0295;ede73b80-752e-4945-b11f-f0b9ef1d177f;c68f7beb-54b6-4b4c-ae9a-e1694664c507;e1ce01e3-3ad8-4ae8-b38b-91ad0bc88d58;nearest;0.06;0.9;000;0V;0295
94016_4105_00070;94016_4105;70;;Rue Gabriel Péri;94230;94016;Cachan;;;651773.48;6855124.19;2.343504;48.794396;entrée;;;CACHAN;RUE GABRIEL PERI;inconnue;inconnue;0;940160000V0153;eb0aa0ee-fb65-4d7b-8405-654450b7aaf9;c68f7beb-54b6-4b4c-ae9a-e1694664c507;e1ce01e3-3ad8-4ae8-b38b-91ad0bc88d58;nearest;0.08;0.9;000;0V;0153
94016_4105_00072;94016_4105;72;;Rue Gabriel Péri;94230;94016;Cachan;;;651775.3;6855113.27;2.34353;48.794298;entrée;;;CACHAN;RUE GABRIEL PERI;inconnue;inconnue;0;940160000V0299;10b83a86-1b28-4b3d-be1c-8cb2ed204816;c68f7beb-54b6-4b4c-ae9a-e1694664c507;e1ce01e3-3ad8-4ae8-b38b-91ad0bc88d58;nearest;0.07;0.9;000;0V;0299
94016_4105_00074;94016_4105;74;;Rue Gabriel Péri;94230;94016;Cachan;;;651777.41;6855101.25;2.34356;48.79419;entrée;;;CACHAN;RUE GABRIEL PERI;inconnue;inconnue;0;940160000V0157;4b87b830-e666-4f4f-8f2e-5ceba1559934;c68f7beb-54b6-4b4c-ae9a-e1694664c507;e1ce01e3-3ad8-4ae8-b38b-91ad0bc88d58;nearest;0.18;0.9;000;0V;0157
94016_4105_00076;94016_4105;76;;Rue Gabriel Péri;94230;94016;Cachan;;;651778.81;6855093.56;2.34358;48.794121;entrée;;;CACHAN;RUE GABRIEL PERI;inconnue;inconnue;0;940160000X0270;3b3adff4-6dbf-466d-91e6-c741784c7954;c68f7beb-54b6-4b4c-ae9a-e1694664c507;e1ce01e3-3ad8-4ae8-b38b-91ad0bc88d58;nearest;0.34;0.9;000;0X;0270
94016_4105_00078;94016_4105;78;;Rue Gabriel Péri;94230;94016;Cachan;;;651781.61;6855077.08;2.34362;48.793973;entrée;;;CACHAN;RUE GABRIEL PERI;inconnue;inconnue;0;940160000X0122;e3cae012-26bd-40d1-bb67-85d4316eb267;c68f7beb-54b6-4b4c-ae9a-e1694664c507;e1ce01e3-3ad8-4ae8-b38b-91ad0bc88d58;nearest;0.31;0.9;000;0X;0122
94016_4105_00080;94016_4105;80;;Rue Gabriel Péri;94230;94016;Cachan;;;651783.02;6855069.07;2.34364;48.793901;entrée;;;CACHAN;RUE GABRIEL PERI;inconnue;inconnue;0;940160000X0259;93b63975-ac9c-4eb5-9421-64039969bc1f;c68f7beb-54b6-4b4c-ae9a-e1694664c507;e1ce01e3-3ad8-4ae8-b38b-91ad0bc88d58;nearest;0.28;0.9;000;0X;0259
94016_4105_00082;94016_4105;82;;Rue Gabriel Péri;94230;94016;Cachan;;;651784.69;6855058.6;2.343664;48.793807;entrée;;;CACHAN;RUE GABRIEL PERI;inconnue;inconnue;0;940160000X0124;f54a1a0d-d627-459c-9fbc-b343de2103cf;c68f7beb-54b6-4b4c-ae9a-e1694664c507;e1ce01e3-3ad8-4ae8-b38b-91ad0bc88d58;nearest;0.13;0.9;000;0X;0124
94016_4105_00088;94016_4105;88;;Rue Gabriel Péri;94230;94016;Cachan;;;651789.39;6855031.65;2.343731;48.793565;entrée;;;CACHAN;RUE GABRIEL PERI;inconnue;inconnue;0;940160000X0126;c4d04b59-b484-44c2-b3ca-da11095ad614;c68f7beb-54b6-4b4c-ae9a-e1694664c507;e1ce01e3-3ad8-4ae8-b38b-91ad0bc88d58;nearest;0.18;0.9;000;0X;0126
94016_4105_00090;94016_4105;90;;Rue Gabriel Péri;94230;94016;Cachan;;;651791.49;6855019.29;2.343761;48.793454;entrée;;;CACHAN;RUE GABRIEL PERI;inconnue;inconnue;0;940160000X0127;3e6c29a5-c6e7-40b5-a141-7107927bd01a;c68f7beb-54b6-4b4c-ae9a-e1694664c507;e1ce01e3-3ad8-4ae8-b38b-91ad0bc88d58;nearest;0.12;0.9;000;0X;0127
94016_4105_00092;94016_4105;92;;Rue Gabriel Péri;94230;94016;Cachan;;;651793.32;6855009.16;2.343787;48.793363;entrée;;;CACHAN;RUE GABRIEL PERI;inconnue;inconnue;0;940160000X0128;11564bb1-aa2a-429b-ade6-f21d5acb7c4e;c68f7beb-54b6-4b4c-ae9a-e1694664c507;e1ce01e3-3ad8-4ae8-b38b-91ad0bc88d58;nearest;0.26;0.9;000;0X;0128
94016_4105_00094;94016_4105;94;;Rue Gabriel Péri;94230;94016;Cachan;;;651795.42;6854996.47;2.343817;48.793249;entrée;;;CACHAN;RUE GABRIEL PERI;inconnue;inconnue;0;940160000X0308;f773b333-d0b2-41ab-95c3-af2f3de859a0;c68f7beb-54b6-4b4c-ae9a-e1694664c507;e1ce01e3-3ad8-4ae8-b38b-91ad0bc88d58;nearest;0.17;0.9;000;0X;0308
94016_4105_00096;94016_4105;96;;Rue Gabriel Péri;94230;94016;Cachan;;;651798.78;6854976.65;2.343865;48.793071;entrée;;;CACHAN;RUE GABRIEL PERI;inconnue;inconnue;0;940160000X0307;126d9222-294d-4af1-80f7-9ca827c15691;c68f7beb-54b6-4b4c-ae9a-e1694664c507;e1ce01e3-3ad8-4ae8-b38b-91ad0bc88d58;nearest;0.08;0.9;000;0X;0307
94016_4105_00098;94016_4105;98;;Rue Gabriel Péri;94230;94016;Cachan;;;651802.08;6854958.05;2.343912;48.792904;entrée;;;CACHAN;RUE GABRIEL PERI;inconnue;inconnue;0;940160000X0207;353b5b9d-8322-4f1e-96fe-26dd645e9400;c68f7beb-54b6-4b4c-ae9a-e1694664c507;e1ce01e3-3ad8-4ae8-b38b-91ad0bc88d58;nearest;0.07;0.9;000;0X;0207
94016_4105_00174;94016_4105;174;;Rue Gabriel Péri;94230;94016;Cachan;;;651739.43;6854554.72;2.343105;48.789272;entrée;;;CACHAN;RUE GABRIEL PERI;inconnue;inconnue;0;94016000AD0160;dbbc6c94-da44-4d89-bae1-fa0242af5534;c68f7beb-54b6-4b4c-ae9a-e1694664c507;e1ce01e3-3ad8-4ae8-b38b-91ad0bc88d58;nearest;1.51;0.9;000;AD;0160
94016_4105_00176;94016_4105;176;;Rue Gabriel Péri;94230;94016;Cachan;;;651739.11;6854533.15;2.343103;48.789078;entrée;;;CACHAN;RUE GABRIEL PERI;inconnue;inconnue;0;94016000AD0335;771ff934-7cef-451d-a046-6e004700c2f4;c68f7beb-54b6-4b4c-ae9a-e1694664c507;e1ce01e3-3ad8-4ae8-b38b-91ad0bc88d58;nearest;1.95;0.9;000;AD;0335
94016_4105_00178;94016_4105;178;;Rue Gabriel Péri;94230;94016;Cachan;;;651738.11;6854527.6;2.34309;48.789028;entrée;;;CACHAN;RUE GABRIEL PERI;inconnue;inconnue;0;94016000AD0343;6b62323c-a5db-4245-a707-de90b2717ee0;c68f7beb-54b6-4b4c-ae9a-e1694664c507;e1ce01e3-3ad8-4ae8-b38b-91ad0bc88d58;nearest;1.6;0.9;000;AD;0343
94016_4105_00180;94016_4105;180;;Rue Gabriel Péri;94230;94016;Cachan;;;651736.29;6854512.38;2.343067;48.788891;entrée;;;CACHAN;RUE GABRIEL PERI;inconnue;inconnue;0;94016000AD0367;96215dfe-9eea-4251-b027-25d35c26287f;c68f7beb-54b6-4b4c-ae9a-e1694664c507;e1ce01e3-3ad8-4ae8-b38b-91ad0bc88d58;nearest;1.99;0.9;000;AD;0367
94016_4105_00182;94016_4105;182;;Rue Gabriel Péri;94230;94016;Cachan;;;651735.37;6854507.5;2.343055;48.788847;entrée;;;CACHAN;RUE GABRIEL PERI;inconnue;inconnue;0;94016000AD0143;ba887fb5-8aec-44a6-ac75-3a61693d9e4f;c68f7beb-54b6-4b4c-ae9a-e1694664c507;e1ce01e3-3ad8-4ae8-b38b-91ad0bc88d58;nearest;1.59;0.9;000;AD;0143
94016_4105_00184;94016_4105;184;;Rue Gabriel Péri;94230;94016;Cachan;;;651733.97;6854498.39;2.343037;48.788765;entrée;;;CACHAN;RUE GABRIEL PERI;inconnue;inconnue;0;94016000AD0356;6c1daa19-44fe-421e-9f63-7b17c8cf2525;c68f7beb-54b6-4b4c-ae9a-e1694664c507;e1ce01e3-3ad8-4ae8-b38b-91ad0bc88d58;nearest;1.4;0.9;000;AD;0356
94016_4105_00190;94016_4105;190;;Rue Gabriel Péri;94230;94016;Cachan;;;651730.72;6854470.51;2.342996;48.788514;entrée;;;CACHAN;RUE GABRIEL PERI;inconnue;inconnue;0;94016000AD0137;7a78760e-39c4-4cb5-b23e-b38159859f25;c68f7beb-54b6-4b4c-ae9a-e1694664c507;e1ce01e3-3ad8-4ae8-b38b-91ad0bc88d58;nearest;2.31;0.9;000;AD;0137
94016_4105_00192;94016_4105;192;;Rue Gabriel Péri;94230;94016;Cachan;;;651724.91;6854451.21;2.342919;48.78834;entrée;;;CACHAN;RUE GABRIEL PERI;inconnue;inconnue;0;94016000AD0119;0501664d-1eee-4440-906d-02c7e1239d42;c68f7beb-54b6-4b4c-ae9a-e1694664c507;e1ce01e3-3ad8-4ae8-b38b-91ad0bc88d58;nearest;1.62;0.9;000;AD;0119
94016_4105_00194;94016_4105;194;;Rue Gabriel Péri;94230;94016;Cachan;;;651723.18;6854446.66;2.342896;48.788299;entrée;;;CACHAN;RUE GABRIEL PERI;inconnue;inconnue;0;94016000AD0118;b669113b-0e14-4e33-b8a6-d8c2b4cfcb2e;c68f7beb-54b6-4b4c-ae9a-e1694664c507;e1ce01e3-3ad8-4ae8-b38b-91ad0bc88d58;nearest;1.54;0.9;000;AD;0118
94016_4105_00196;94016_4105;196;;Rue Gabriel Péri;94230;94016;Cachan;;;651720.02;6854438.02;2.342854;48.788221;entrée;;;CACHAN;RUE GABRIEL PERI;inconnue;inconnue;0;94016000AD0440;6a76ddb5-0c28-477a-a78a-fafda88361a4;c68f7beb-54b6-4b4c-ae9a-e1694664c507;e1ce01e3-3ad8-4ae8-b38b-91ad0bc88d58;nearest;1.58;0.9;000;AD;0440
94016_4105_00198;94016_4105;198;;Rue Gabriel Péri;94230;94016;Cachan;;;651715.89;6854427.04;2.342799;48.788122;entrée;;;CACHAN;RUE GABRIEL PERI;inconnue;inconnue;0;94016000AD0170;44453b53-3e87-4d87-94a1-983262153c98;c68f7beb-54b6-4b4c-ae9a-e1694664c507;e1ce01e3-3ad8-4ae8-b38b-91ad0bc88d58;nearest;1.51;0.9;000;AD;0170
94016_4105_00204;94016_4105;204;;Rue Gabriel Péri;94230;94016;Cachan;;;651707.39;6854403.99;2.342686;48.787914;entrée;;;CACHAN;RUE GABRIEL PERI;inconnue;inconnue;0;94016000AD0093;414cdc1d-813c-400b-ab77-0ef295b3c1ee;c68f7beb-54b6-4b4c-ae9a-e1694664c507;e1ce01e3-3ad8-4ae8-b38b-91ad0bc88d58;nearest;1.55;0.9;000;AD;0093
94016_4105_00208;94016_4105;208;;Rue Gabriel Péri;94230;94016;Cachan;;;651701.83;6854388.91;2.342612;48.787778;entrée;;;CACHAN;RUE GABRIEL PERI;inconnue;inconnue;0;94016000AD0398;37a0bb62-f89e-48e5-86aa-8682091666e5;c68f7beb-54b6-4b4c-ae9a-e1694664c507;e1ce01e3-3ad8-4ae8-b38b-91ad0bc88d58;nearest;1.56;0.9;000;AD;0398
94016_4105_00210;94016_4105;210;;Rue Gabriel Péri;94230;94016;Cachan;;;651699.43;6854382.59;2.34258;48.787721;entrée;;;CACHAN;RUE GABRIEL PERI;inconnue;inconnue;0;94016000AD0398;82303b1f-8559-4dde-b2d2-106623a87798;c68f7beb-54b6-4b4c-ae9a-e1694664c507;e1ce01e3-3ad8-4ae8-b38b-91ad0bc88d58;nearest;1.5;0.9;000;AD;0398
94016_4105_00214;94016_4105;214;;Rue Gabriel Péri;94230;94016;Cachan;;;651693.49;6854366.52;2.342501;48.787576;entrée;;;CACHAN;RUE GABRIEL PERI;inconnue;inconnue;0;94016000AD0172;4eb98177-a933-4125-8b44-99b3dddbef63;c68f7beb-54b6-4b4c-ae9a-e1694664c507;e1ce01e3-3ad8-4ae8-b38b-91ad0bc88d58;nearest;1.56;0.9;000;AD;0172
94016_4105_00218;94016_4105;218;;Rue Gabriel Péri;94230;94016;Cachan;;;651684.45;6854321.67;2.342383;48.787172;segment;;;CACHAN;RUE GABRIEL PERI;inconnue;inconnue;0;;cfe2489d-10c6-411f-8dd1-4c39a8a08d10;c68f7beb-54b6-4b4c-ae9a-e1694664c507;e1ce01e3-3ad8-4ae8-b38b-91ad0bc88d58;missing;;0.0;;;
94016_4105_00238;94016_4105;238;;Rue Gabriel Péri;94230;94016;Cachan;;;651661.5;6854257.15;2.342078;48.78659;entrée;;;CACHAN;RUE GABRIEL PERI;inconnue;inconnue;0;94016000AD0208;ad6e9ba5-0ec2-457c-8108-28b7af127b0a;c68f7beb-54b6-4b4c-ae9a-e1694664c507;e1ce01e3-3ad8-4ae8-b38b-91ad0bc88d58;nearest;1.58;0.9;000;AD;0208
94016_4105_00240;94016_4105;240;;Rue Gabriel Péri;94230;94016;Cachan;;;651657.73;6854236.95;2.342029;48.786408;entrée;;;CACHAN;RUE GABRIEL PERI;inconnue;inconnue;0;94016000AD0060;a6ed597c-2941-4a34-982d-0656f32a45cf;c68f7beb-54b6-4b4c-ae9a-e1694664c507;e1ce01e3-3ad8-4ae8-b38b-91ad0bc88d58;nearest;2.68;0.9;000;AD;0060
94016_4105_00242;94016_4105;242;;Rue Gabriel Péri;94230;94016;Cachan;;;651647.1;6854195.23;2.341889;48.786032;entrée;;;CACHAN;RUE GABRIEL PERI;inconnue;inconnue;0;94016000AH0444;85b54aba-6a6a-4d8c-8e74-efc9eb9daefc;c68f7beb-54b6-4b4c-ae9a-e1694664c507;e1ce01e3-3ad8-4ae8-b38b-91ad0bc88d58;nearest;1.74;0.9;000;AH;0444
94016_4105_00244;94016_4105;244;;Rue Gabriel Péri;94230;94016;Cachan;;;651647.77;6854178.76;2.3419;48.785884;segment;;;CACHAN;RUE GABRIEL PERI;inconnue;inconnue;0;94016000AH0444;e5b9589c-b5df-4ad7-9adb-07f57a672fcb;c68f7beb-54b6-4b4c-ae9a-e1694664c507;e1ce01e3-3ad8-4ae8-b38b-91ad0bc88d58;nearest;9.74;0.75;000;AH;0444
94016_4105_00248;94016_4105;248;;Rue Gabriel Péri;94230;94016;Cachan;;;651631.52;6854142.65;2.341683;48.785558;entrée;;;CACHAN;RUE GABRIEL PERI;inconnue;inconnue;0;94016000AH0126;7bb0ca16-013b-41eb-88f7-abff20556ee0;c68f7beb-54b6-4b4c-ae9a-e1694664c507;e1ce01e3-3ad8-4ae8-b38b-91ad0bc88d58;nearest;2.76;0.9;000;AH;0126
94016_4105_00250;94016_4105;250;;Rue Gabriel Péri;94230;94016;Cachan;;;651629.19;6854118.54;2.341654;48.785341;segment;;;CACHAN;RUE GABRIEL PERI;inconnue;inconnue;0;94016000AH0493;b84fe996-b31c-454b-83c4-88976b945390;c68f7beb-54b6-4b4c-ae9a-e1694664c507;e1ce01e3-3ad8-4ae8-b38b-91ad0bc88d58;nearest;9.85;0.75;000;AH;0493
94016_4105_00252;94016_4105;252;;Rue Gabriel Péri;94230;94016;Cachan;;;651618.01;6854099.95;2.341504;48.785173;entrée;;;CACHAN;RUE GABRIEL PERI;inconnue;inconnue;0;94016000AH0124;63792386-0a52-43fc-9431-c61cfff17c20;c68f7beb-54b6-4b4c-ae9a-e1694664c507;e1ce01e3-3ad8-4ae8-b38b-91ad0bc88d58;nearest;2.44;0.9;000;AH;0124
94016_4105_00254;94016_4105;254;;Rue Gabriel Péri;94230;94016;Cachan;;;651566.2;6854106.95;2.340798;48.785232;entrée;;;CACHAN;RUE GABRIEL PERI;inconnue;inconnue;0;94016000AH0433;34b1025b-cf7b-4544-aa83-f053e9e82154;c68f7beb-54b6-4b4c-ae9a-e1694664c507;e1ce01e3-3ad8-4ae8-b38b-91ad0bc88d58;within;0.0;1.0;000;AH;0433
94016_4105_00256;94016_4105;256;;Rue Gabriel Péri;94230;94016;Cachan;;;651607.81;6854066.24;2.341369;48.784869;entrée;;;CACHAN;RUE GABRIEL PERI;inconnue;inconnue;0;94016000AH0445;6ad88279-0dd2-46cf-8770-fece128af8d7;c68f7beb-54b6-4b4c-ae9a-e1694664c507;e1ce01e3-3ad8-4ae8-b38b-91ad0bc88d58;nearest;2.81;0.9;000;AH;0445
94016_4105_00258;94016_4105;258;;Rue Gabriel Péri;94230;94016;Cachan;;;651598.92;6854039.63;2.341251;48.784629;entrée;;;CACHAN;RUE GABRIEL PERI;cadastre;inconnue;0;94016000AH0120;179baccc-80cf-462a-9eba-6444fa1c0c1e;c68f7beb-54b6-4b4c-ae9a-e1694664c507;e1ce01e3-3ad8-4ae8-b38b-91ad0bc88d58;exist;;;000;AH;0120
94016_4105_00260;94016_4105;260;;Rue Gabriel Péri;94230;94016;Cachan;;;651590.49;6854015.12;2.341139;48.784408;segment;;;CACHAN;RUE GABRIEL PERI;inconnue;inconnue;0;94016000AH0117;3bdd7ef6-9f23-4b30-8dd6-1345bec6e5f6;c68f7beb-54b6-4b4c-ae9a-e1694664c507;e1ce01e3-3ad8-4ae8-b38b-91ad0bc88d58;nearest;1.87;0.9;000;AH;0117
94016_4105_00262;94016_4105;262;;Rue Gabriel Péri;94230;94016;Cachan;;;651600.21;6854044.95;2.341268;48.784677;entrée;;;CACHAN;RUE GABRIEL PERI;inconnue;inconnue;0;94016000AH0120;d9856cf0-4195-4b72-bac8-9fb98fe7d8d7;c68f7beb-54b6-4b4c-ae9a-e1694664c507;e1ce01e3-3ad8-4ae8-b38b-91ad0bc88d58;nearest;1.52;0.9;000;AH;0120
94016_4105_00264;94016_4105;264;;Rue Gabriel Péri;94230;94016;Cachan;;;651594.29;6854022.32;2.34119;48.784473;segment;;;CACHAN;RUE GABRIEL PERI;inconnue;inconnue;0;94016000AH0118;8ffbc996-3a52-4549-8c94-ec4b86cf1f18;c68f7beb-54b6-4b4c-ae9a-e1694664c507;e1ce01e3-3ad8-4ae8-b38b-91ad0bc88d58;nearest;3.08;0.9;000;AH;0118
94016_4105_00266;94016_4105;266;;Rue Gabriel Péri;94230;94016;Cachan;;;651594.21;6854003.08;2.341191;48.7843;segment;;;CACHAN;RUE GABRIEL PERI;inconnue;inconnue;0;;7c4866f2-5792-49df-a684-a8ce7568a67f;c68f7beb-54b6-4b4c-ae9a-e1694664c507;e1ce01e3-3ad8-4ae8-b38b-91ad0bc88d58;missing;;0.0;;;
94016_4105_00268;94016_4105;268;;Rue Gabriel Péri;94230;94016;Cachan;;;651580.91;6853985.74;2.341012;48.784143;segment;;;CACHAN;RUE GABRIEL PERI;inconnue;inconnue;0;94016000AH0115;70e7192c-f754-4331-aff0-b24340b79f68;c68f7beb-54b6-4b4c-ae9a-e1694664c507;e1ce01e3-3ad8-4ae8-b38b-91ad0bc88d58;nearest;4.24;0.9;000;AH;0115
94016_4105_00270;94016_4105;270;;Rue Gabriel Péri;94230;94016;Cachan;;;651575.09;6853975.56;2.340934;48.784051;entrée;;;CACHAN;RUE GABRIEL PERI;inconnue;inconnue;0;94016000AH0114;cf231009-1f2c-4376-97a8-670ead8834fd;c68f7beb-54b6-4b4c-ae9a-e1694664c507;e1ce01e3-3ad8-4ae8-b38b-91ad0bc88d58;nearest;1.88;0.9;000;AH;0114
94016_4105_00272;94016_4105;272;;Rue Gabriel Péri;94230;94016;Cachan;;;651571.27;6853966.25;2.340883;48.783967;entrée;;;CACHAN;RUE GABRIEL PERI;inconnue;inconnue;0;94016000AH0113;fb2906b4-3175-42dd-8aba-7f6fbed3979c;c68f7beb-54b6-4b4c-ae9a-e1694664c507;e1ce01e3-3ad8-4ae8-b38b-91ad0bc88d58;nearest;1.81;0.9;000;AH;0113
94016_4105_00066_bis;94016_4105;66;bis;Rue Gabriel Péri;94230;94016;Cachan;;;651771.12;6855140.66;2.34347;48.794544;entrée;;;CACHAN;RUE GABRIEL PERI;inconnue;inconnue;0;940160000V0300;a2dce99e-dee6-4487-bd59-a2fcdededb71;c68f7beb-54b6-4b4c-ae9a-e1694664c507;e1ce01e3-3ad8-4ae8-b38b-91ad0bc88d58;nearest;0.6;0.9;000;0V;0300
94016_4105_00254_bis;94016_4105;254;bis;Rue Gabriel Péri;94230;94016;Cachan;;;651612.99;6854087.88;2.341437;48.785064;entrée;;;CACHAN;RUE GABRIEL PERI;inconnue;inconnue;0;94016000AH0123;eb05d0df-2ded-483c-ad3e-0710d4176246;c68f7beb-54b6-4b4c-ae9a-e1694664c507;e1ce01e3-3ad8-4ae8-b38b-91ad0bc88d58;nearest;0.72;0.9;000;AH;0123
94016_4105_00068_bis;94016_4105;68;bis;Rue Gabriel Péri;94230;94016;Cachan;;;651772.08;6855132.65;2.343484;48.794472;entrée;;;CACHAN;RUE GABRIEL PERI;inconnue;inconnue;0;940160000V0295;427eb352-54ca-48d8-910c-922def82b8b1;c68f7beb-54b6-4b4c-ae9a-e1694664c507;e1ce01e3-3ad8-4ae8-b38b-91ad0bc88d58;nearest;0.06;0.9;000;0V;0295
94016_4105_00072_bis;94016_4105;72;bis;Rue Gabriel Péri;94230;94016;Cachan;;;651776.01;6855109.71;2.34354;48.794266;entrée;;;CACHAN;RUE GABRIEL PERI;inconnue;inconnue;0;940160000V0298;7d41f9c7-3dc4-41df-8b2d-38bf48826053;c68f7beb-54b6-4b4c-ae9a-e1694664c507;e1ce01e3-3ad8-4ae8-b38b-91ad0bc88d58;nearest;0.23;0.9;000;0V;0298
94016_4105_00248_bis;94016_4105;248;bis;Rue Gabriel Péri;94230;94016;Cachan;;;651629.12;6854118.43;2.341653;48.78534;segment;;;CACHAN;RUE GABRIEL PERI;inconnue;inconnue;0;94016000AH0493;13650146-7d8f-486c-9fca-d5f01495267e;c68f7beb-54b6-4b4c-ae9a-e1694664c507;e1ce01e3-3ad8-4ae8-b38b-91ad0bc88d58;nearest;9.8;0.75;000;AH;0493
94016_4105_00076_bis;94016_4105;76;bis;Rue Gabriel Péri;94230;94016;Cachan;;;651779.93;6855087.11;2.343596;48.794063;entrée;;;CACHAN;RUE GABRIEL PERI;inconnue;inconnue;0;940160000X0121;26bd839d-794a-4326-b10e-68ce7fa393f2;c68f7beb-54b6-4b4c-ae9a-e1694664c507;e1ce01e3-3ad8-4ae8-b38b-91ad0bc88d58;nearest;0.38;0.9;000;0X;0121
94016_4105_00038_bis;94016_4105;38;bis;Rue Gabriel Péri;94230;94016;Cachan;;;651742.37;6855313.47;2.343059;48.796096;entrée;;;CACHAN;RUE GABRIEL PERI;inconnue;inconnue;0;940160000U0360;03804f65-9096-457d-ac73-89bef1e18a66;c68f7beb-54b6-4b4c-ae9a-e1694664c507;e1ce01e3-3ad8-4ae8-b38b-91ad0bc88d58;nearest;0.15;0.9;000;0U;0360
94016_4105_00182_bis;94016_4105;182;bis;Rue Gabriel Péri;94230;94016;Cachan;;;651735.19;6854503.38;2.343053;48.78881;entrée;;;CACHAN;RUE GABRIEL PERI;inconnue;inconnue;0;94016000AD0356;5aeef189-a7cc-4b79-83a4-b9550c921513;c68f7beb-54b6-4b4c-ae9a-e1694664c507;e1ce01e3-3ad8-4ae8-b38b-91ad0bc88d58;nearest;2.18;0.9;000;AD;0356
94016_4105_00178_bis;94016_4105;178;bis;Rue Gabriel Péri;94230;94016;Cachan;;;651737.22;6854517.82;2.343079;48.78894;entrée;;;CACHAN;RUE GABRIEL PERI;inconnue;inconnue;0;94016000AD0344;5b2c7f0a-1618-4e9e-b544-c566a171234b;c68f7beb-54b6-4b4c-ae9a-e1694664c507;e1ce01e3-3ad8-4ae8-b38b-91ad0bc88d58;nearest;2.29;0.9;000;AD;0344
94016_1465_00001;94016_1465;1;;Rue du Commandant Marchand;94230;94016;Cachan;;;650597.31;6855407.51;2.327461;48.796855;entrée;;;CACHAN;RUE DU COMMANDANT MARCHAND;inconnue;inconnue;0;940160000D0135;53770591-5f67-4189-beed-74199a572a66;502e415c-59ee-4944-8820-5c46fc8168ac;e1ce01e3-3ad8-4ae8-b38b-91ad0bc88d58;nearest;0.04;0.9;000;0D;0135
94016_1465_00003;94016_1465;3;;Rue du Commandant Marchand;94230;94016;Cachan;;;650586.9;6855410.15;2.327319;48.796878;entrée;;;CACHAN;RUE DU COMMANDANT MARCHAND;inconnue;inconnue;0;940160000D0133;eb0889af-2b59-4cb5-8098-e13dd885dca8;502e415c-59ee-4944-8820-5c46fc8168ac;e1ce01e3-3ad8-4ae8-b38b-91ad0bc88d58;within;0.0;1.0;000;0D;0133
94016_1465_00004;94016_1465;4;;Rue du Commandant Marchand;94230;94016;Cachan;;;650580.72;6855417.66;2.327234;48.796945;entrée;;;CACHAN;RUE DU COMMANDANT MARCHAND;inconnue;inconnue;0;940160000C0205;ec7bd4b0-5a9b-4fcc-90da-b54a935a42b1;502e415c-59ee-4944-8820-5c46fc8168ac;e1ce01e3-3ad8-4ae8-b38b-91ad0bc88d58;nearest;0.86;0.9;000;0C;0205
94016_1465_00005;94016_1465;5;;Rue du Commandant Marchand;94230;94016;Cachan;;;650563.38;6855417.25;2.326998;48.79694;entrée;;;CACHAN;RUE DU COMMANDANT MARCHAND;inconnue;inconnue;0;940160000D0131;8f84dc3d-61fb-4be8-ab52-7bca1590f623;502e415c-59ee-4944-8820-5c46fc8168ac;e1ce01e3-3ad8-4ae8-b38b-91ad0bc88d58;nearest;0.52;0.9;000;0D;0131
94016_1465_00006;94016_1465;6;;Rue du Commandant Marchand;94230;94016;Cachan;;;650565.33;6855422.01;2.327024;48.796983;entrée;;;CACHAN;RUE DU COMMANDANT MARCHAND;inconnue;inconnue;0;940160000C0204;7036381d-0788-4f06-adbc-6530273a1f51;502e415c-59ee-4944-8820-5c46fc8168ac;e1ce01e3-3ad8-4ae8-b38b-91ad0bc88d58;nearest;0.75;0.9;000;0C;0204
94016_1465_00007;94016_1465;7;;Rue du Commandant Marchand;94230;94016;Cachan;;;650559.41;6855416.84;2.326944;48.796936;segment;;;CACHAN;RUE DU COMMANDANT MARCHAND;inconnue;inconnue;0;940160000D0130;decbaaad-4836-4855-aeb6-2c9f8570a11d;502e415c-59ee-4944-8820-5c46fc8168ac;e1ce01e3-3ad8-4ae8-b38b-91ad0bc88d58;within;0.0;1.0;000;0D;0130
94016_1465_00008;94016_1465;8;;Rue du Commandant Marchand;94230;94016;Cachan;;;650547.08;6855426.73;2.326775;48.797024;entrée;;;CACHAN;RUE DU COMMANDANT MARCHAND;inconnue;inconnue;0;940160000C0146;2aceee25-a90c-48a8-81cf-e22be16aea8a;502e415c-59ee-4944-8820-5c46fc8168ac;e1ce01e3-3ad8-4ae8-b38b-91ad0bc88d58;nearest;0.93;0.9;000;0C;0146
94016_1465_00009;94016_1465;9;;Rue du Commandant Marchand;94230;94016;Cachan;;;650527.32;6855426.56;2.326506;48.797021;entrée;;;CACHAN;RUE DU COMMANDANT MARCHAND;inconnue;inconnue;0;940160000D0181;e083aa31-2c8d-4904-8176-da713155a9a0;502e415c-59ee-4944-8820-5c46fc8168ac;e1ce01e3-3ad8-4ae8-b38b-91ad0bc88d58;nearest;0.01;0.9;000;0D;0181
94016_1465_00010;94016_1465;10;;Rue du Commandant Marchand;94230;94016;Cachan;;;650532.28;6855430.63;2.326573;48.797058;entrée;;;CACHAN;RUE DU COMMANDANT MARCHAND;inconnue;inconnue;0;940160000C0145;67e091ff-7b43-4e3b-9437-03125a158027;502e415c-59ee-4944-8820-5c46fc8168ac;e1ce01e3-3ad8-4ae8-b38b-91ad0bc88d58;nearest;1.08;0.9;000;0C;0145
94016_1465_00011;94016_1465;11;;Rue du Commandant Marchand;94230;94016;Cachan;;;650502.77;6855433.11;2.326171;48.797078;entrée;;;CACHAN;RUE DU COMMANDANT MARCHAND;inconnue;inconnue;0;940160000D0125;349ddf35-1faf-43b7-bd1c-97003b77acfe;502e415c-59ee-4944-8820-5c46fc8168ac;e1ce01e3-3ad8-4ae8-b38b-91ad0bc88d58;within;0.0;1.0;000;0D;0125
94016_1465_00013;94016_1465;13;;Rue du Commandant Marchand;94230;94016;Cachan;;;650493.17;6855435.86;2.32604;48.797102;entrée;;;CACHAN;RUE DU COMMANDANT MARCHAND;inconnue;inconnue;0;940160000D0124;7cada65d-11fe-4fd2-bd29-814b34718370;502e415c-59ee-4944-8820-5c46fc8168ac;e1ce01e3-3ad8-4ae8-b38b-91ad0bc88d58;nearest;0.01;0.9;000;0D;0124
94016_1465_00014;94016_1465;14;;Rue du Commandant Marchand;94230;94016;Cachan;;;650513.88;6855435.91;2.326322;48.797104;entrée;;;CACHAN;RUE DU COMMANDANT MARCHAND;inconnue;inconnue;0;940160000C0144;e8377ae8-22ac-499e-bd23-65ac59321a9e;502e415c-59ee-4944-8820-5c46fc8168ac;e1ce01e3-3ad8-4ae8-b38b-91ad0bc88d58;nearest;0.83;0.9;000;0C;0144
94016_1465_00015;94016_1465;15;;Rue du Commandant Marchand;94230;94016;Cachan;;;650488.4;6855437.24;2.325975;48.797114;entrée;;;CACHAN;RUE DU COMMANDANT MARCHAND;inconnue;inconnue;0;940160000D0123;1fcce347-848a-4c97-8ccf-9f04b51e8952;502e415c-59ee-4944-8820-5c46fc8168ac;e1ce01e3-3ad8-4ae8-b38b-91ad0bc88d58;nearest;0.08;0.9;000;0D;0123
94016_1465_00016;94016_1465;16;;Rue du Commandant Marchand;94230;94016;Cachan;;;650495.51;6855443.51;2.326071;48.797171;entrée;;;CACHAN;RUE DU COMMANDANT MARCHAND;inconnue;inconnue;0;940160000C0142;6ffacc44-44ed-49af-a80e-d4c6cedd5517;502e415c-59ee-4944-8820-5c46fc8168ac;e1ce01e3-3ad8-4ae8-b38b-91ad0bc88d58;within;0.0;1.0;000;0C;0142
94016_1465_00017;94016_1465;17;;Rue du Commandant Marchand;94230;94016;Cachan;;;650482.91;6855438.73;2.3259;48.797127;entrée;;;CACHAN;RUE DU COMMANDANT MARCHAND;inconnue;inconnue;0;940160000D0122;7cc5f687-87c2-47c2-bdb4-1aaa2cc17d1b;502e415c-59ee-4944-8820-5c46fc8168ac;e1ce01e3-3ad8-4ae8-b38b-91ad0bc88d58;nearest;0.07;0.9;000;0D;0122
94016_1465_00018;94016_1465;18;;Rue du Commandant Marchand;94230;94016;Cachan;;;650494.61;6855441.07;2.326059;48.797149;entrée;;;CACHAN;RUE DU COMMANDANT MARCHAND;inconnue;inconnue;0;940160000C0142;0af33f9d-1bec-4295-83d6-3fe862014513;502e415c-59ee-4944-8820-5c46fc8168ac;e1ce01e3-3ad8-4ae8-b38b-91ad0bc88d58;nearest;0.9;0.9;000;0C;0142
94016_1465_00020;94016_1465;20;;Rue du Commandant Marchand;94230;94016;Cachan;;;650486.03;6855443.37;2.325942;48.797169;entrée;;;CACHAN;RUE DU COMMANDANT MARCHAND;inconnue;inconnue;0;940160000C0141;357ac37c-f7d3-4aca-a97d-090fc812c9c3;502e415c-59ee-4944-8820-5c46fc8168ac;e1ce01e3-3ad8-4ae8-b38b-91ad0bc88d58;nearest;0.93;0.9;000;0C;0141
94016_1465_00007_bis;94016_1465;7;bis;Rue du Commandant Marchand;94230;94016;Cachan;;;650538.38;6855422.24;2.326657;48.796983;entrée;;;CACHAN;RUE DU COMMANDANT MARCHAND;inconnue;inconnue;0;940160000D0129;b2f03be7-957b-45f3-86f9-9c6fbc2c055c;502e415c-59ee-4944-8820-5c46fc8168ac;e1ce01e3-3ad8-4ae8-b38b-91ad0bc88d58;within;0.0;1.0;000;0D;0129
94016_1465_00009_bis;94016_1465;9;bis;Rue du Commandant Marchand;94230;94016;Cachan;;;650539.26;6855422.01;2.326669;48.796981;segment;;;CACHAN;RUE DU COMMANDANT MARCHAND;inconnue;inconnue;0;940160000D0129;a0808d29-d13d-48ee-b262-daa64059cb83;502e415c-59ee-4944-8820-5c46fc8168ac;e1ce01e3-3ad8-4ae8-b38b-91ad0bc88d58;within;0.0;1.0;000;0D;0129
94016_1465_00006_bis;94016_1465;6;bis;Rue du Commandant Marchand;94230;94016;Cachan;;;650556.97;6855423.64;2.32691;48.796997;entrée;;;CACHAN;RUE DU COMMANDANT MARCHAND;inconnue;inconnue;0;940160000C0147;20cf0cfd-6677-412a-8aa6-864593d5cacc;502e415c-59ee-4944-8820-5c46fc8168ac;e1ce01e3-3ad8-4ae8-b38b-91ad0bc88d58;nearest;1.39;0.9;000;0C;0147
94016_4721_00001;94016_4721;1;;Rue des Jardins;94230;94016;Cachan;;;650267.88;6855540.09;2.322961;48.798022;entrée;;;CACHAN;RUE DES JARDINS;inconnue;inconnue;0;940160000C0109;ed4acd71-5c25-4dd1-8026-9d04bb50d55c;719488cf-11ea-4a02-bd6a-cd4bcd0e447b;e1ce01e3-3ad8-4ae8-b38b-91ad0bc88d58;nearest;0.07;0.9;000;0C;0109
94016_4721_00003;94016_4721;3;;Rue des Jardins;94230;94016;Cachan;;;650279.59;6855535.76;2.323121;48.797984;entrée;;;CACHAN;RUE DES JARDINS;inconnue;inconnue;0;940160000C0110;b120dcaf-4924-4a66-acce-57329e0c8ca6;719488cf-11ea-4a02-bd6a-cd4bcd0e447b;e1ce01e3-3ad8-4ae8-b38b-91ad0bc88d58;nearest;1.11;0.9;000;0C;0110
94016_4721_00004;94016_4721;4;;Rue des Jardins;94230;94016;Cachan;;;650280.68;6855525.97;2.323137;48.797896;entrée;;;CACHAN;RUE DES JARDINS;inconnue;inconnue;0;940160000D0002;3110e744-c388-455a-b163-e003a4bb697e;719488cf-11ea-4a02-bd6a-cd4bcd0e447b;e1ce01e3-3ad8-4ae8-b38b-91ad0bc88d58;nearest;0.03;0.9;000;0D;0002
94016_4721_00005;94016_4721;5;;Rue des Jardins;94230;94016;Cachan;;;650292.57;6855532.31;2.323298;48.797954;entrée;;;CACHAN;RUE DES JARDINS;inconnue;inconnue;0;940160000C0111;37b64867-c453-4f13-a7e1-665a3b6560c1;719488cf-11ea-4a02-bd6a-cd4bcd0e447b;e1ce01e3-3ad8-4ae8-b38b-91ad0bc88d58;nearest;0.94;0.9;000;0C;0111
94016_4721_00006;94016_4721;6;;Rue des Jardins;94230;94016;Cachan;;;650295.12;6855521.95;2.323334;48.797861;entrée;;;CACHAN;RUE DES JARDINS;inconnue;inconnue;0;940160000D0003;3827576c-cb2b-46eb-8720-125e7a096001;719488cf-11ea-4a02-bd6a-cd4bcd0e447b;e1ce01e3-3ad8-4ae8-b38b-91ad0bc88d58;nearest;0.05;0.9;000;0D;0003
94016_4721_00007;94016_4721;7;;Rue des Jardins;94230;94016;Cachan;;;650303.93;6855529.21;2.323453;48.797927;entrée;;;CACHAN;RUE DES JARDINS;inconnue;inconnue;0;940160000C0112;3dd086af-0b1d-4b52-aaac-4fb0518794f5;719488cf-11ea-4a02-bd6a-cd4bcd0e447b;e1ce01e3-3ad8-4ae8-b38b-91ad0bc88d58;nearest;0.86;0.9;000;0C;0112
94016_4721_00008;94016_4721;8;;Rue des Jardins;94230;94016;Cachan;;;650308.53;6855518.17;2.323517;48.797828;entrée;;;CACHAN;RUE DES JARDINS;inconnue;inconnue;0;940160000D0004;3b111f2e-5921-4f09-925d-a156d267ac0b;719488cf-11ea-4a02-bd6a-cd4bcd0e447b;e1ce01e3-3ad8-4ae8-b38b-91ad0bc88d58;nearest;0.05;0.9;000;0D;0004
94016_4721_00009;94016_4721;9;;Rue des Jardins;94230;94016;Cachan;;;650317.7;6855525.31;2.323641;48.797893;entrée;;;CACHAN;RUE DES JARDINS;inconnue;inconnue;0;940160000C0113;c94ed92a-b7fd-4e15-8a5e-9bd146f309ec;719488cf-11ea-4a02-bd6a-cd4bcd0e447b;e1ce01e3-3ad8-4ae8-b38b-91ad0bc88d58;nearest;0.93;0.9;000;0C;0113
94016_4721_00010;94016_4721;10;;Rue des Jardins;94230;94016;Cachan;;;650320.7;6855514.84;2.323683;48.797799;entrée;;;CACHAN;RUE DES JARDINS;inconnue;inconnue;0;940160000D0005;9c8dd147-6488-4c9b-9dc2-fa94cb74ff7c;719488cf-11ea-4a02-bd6a-cd4bcd0e447b;e1ce01e3-3ad8-4ae8-b38b-91ad0bc88d58;nearest;0.14;0.9;000;0D;0005
94016_4721_00011;94016_4721;11;;Rue des Jardins;94230;94016;Cachan;;;650335.29;6855520.27;2.323881;48.797849;entrée;;;CACHAN;RUE DES JARDINS;inconnue;inconnue;0;940160000C0114;b639ea92-f51a-4c70-a8c1-c7c3be0ea4b8;719488cf-11ea-4a02-bd6a-cd4bcd0e447b;e1ce01e3-3ad8-4ae8-b38b-91ad0bc88d58;nearest;1.02;0.9;000;0C;0114
94016_4721_00012;94016_4721;12;;Rue des Jardins;94230;94016;Cachan;;;650334.4;6855510.94;2.32387;48.797765;entrée;;;CACHAN;RUE DES JARDINS;inconnue;inconnue;0;940160000D0006;f068b938-3737-4482-86a5-e4c6d24ed089;719488cf-11ea-4a02-bd6a-cd4bcd0e447b;e1ce01e3-3ad8-4ae8-b38b-91ad0bc88d58;nearest;0.1;0.9;000;0D;0006
94016_4721_00013;94016_4721;13;;Rue des Jardins;94230;94016;Cachan;;;650339.17;6855518.57;2.323934;48.797834;entrée;;;CACHAN;RUE DES JARDINS;inconnue;inconnue;0;940160000C0114;9f8a2b67-c402-4697-ba35-a698022e7064;719488cf-11ea-4a02-bd6a-cd4bcd0e447b;e1ce01e3-3ad8-4ae8-b38b-91ad0bc88d58;nearest;1.62;0.9;000;0C;0114
94016_4721_00014;94016_4721;14;;Rue des Jardins;94230;94016;Cachan;;;650345.17;6855507.96;2.324017;48.797739;entrée;;;CACHAN;RUE DES JARDINS;inconnue;inconnue;0;940160000D0007;7ecf280b-e7e1-4859-b5f6-ea41f0ca8cea;719488cf-11ea-4a02-bd6a-cd4bcd0e447b;e1ce01e3-3ad8-4ae8-b38b-91ad0bc88d58;nearest;0.14;0.9;000;0D;0007
94016_4721_00016;94016_4721;16;;Rue des Jardins;94230;94016;Cachan;;;650355.38;6855490.41;2.324158;48.797582;entrée;;;CACHAN;RUE DES JARDINS;inconnue;inconnue;0;940160000C0130;25d5171b-4255-458d-ab68-375027a1acae;719488cf-11ea-4a02-bd6a-cd4bcd0e447b;e1ce01e3-3ad8-4ae8-b38b-91ad0bc88d58;nearest;0.72;0.9;000;0C;0130
94016_4721_00017;94016_4721;17;;Rue des Jardins;94230;94016;Cachan;;;650380.21;6855524.33;2.324492;48.797889;entrée;;;CACHAN;RUE DES JARDINS;inconnue;inconnue;0;940160000C0282;c4d20919-5bc6-4962-a727-c8abf435317a;719488cf-11ea-4a02-bd6a-cd4bcd0e447b;e1ce01e3-3ad8-4ae8-b38b-91ad0bc88d58;nearest;1.42;0.9;000;0C;0282
94016_4721_00018;94016_4721;18;;Rue des Jardins;94230;94016;Cachan;;;650359.3;6855501.5;2.32421;48.797682;entrée;;;CACHAN;RUE DES JARDINS;inconnue;inconnue;0;940160000C0131;0188dcb4-ef70-42d5-926c-03a6035d3d7e;719488cf-11ea-4a02-bd6a-cd4bcd0e447b;e1ce01e3-3ad8-4ae8-b38b-91ad0bc88d58;nearest;0.39;0.9;000;0C;0131
94016_4721_00019;94016_4721;19;;Rue des Jardins;94230;94016;Cachan;;;650392.88;6855519.56;2.324665;48.797847;entrée;;;CACHAN;RUE DES JARDINS;inconnue;inconnue;0;940160000C0103;ace70606-6bb6-47b3-988a-2ccabcd39f16;719488cf-11ea-4a02-bd6a-cd4bcd0e447b;e1ce01e3-3ad8-4ae8-b38b-91ad0bc88d58;nearest;1.5;0.9;000;0C;0103
94016_4721_00020;94016_4721;20;;Rue des Jardins;94230;94016;Cachan;;;650362.77;6855512.25;2.324256;48.797779;entrée;;;CACHAN;RUE DES JARDINS;inconnue;inconnue;0;940160000C0132;bbe561c8-80d8-4444-992a-9398654accd7;719488cf-11ea-4a02-bd6a-cd4bcd0e447b;e1ce01e3-3ad8-4ae8-b38b-91ad0bc88d58;nearest;0.54;0.9;000;0C;0132
94016_4721_00021;94016_4721;21;;Rue des Jardins;94230;94016;Cachan;;;650405.18;6855515.45;2.324833;48.797811;entrée;;;CACHAN;RUE DES JARDINS;inconnue;inconnue;0;940160000C0102;12e17658-93e2-4774-b099-ec49c6cbfb6b;719488cf-11ea-4a02-bd6a-cd4bcd0e447b;e1ce01e3-3ad8-4ae8-b38b-91ad0bc88d58;nearest;1.07;0.9;000;0C;0102
94016_4721_00022;94016_4721;22;;Rue des Jardins;94230;94016;Cachan;;;650402.69;6855507.13;2.3248;48.797736;entrée;;;CACHAN;RUE DES JARDINS;inconnue;inconnue;0;940160000C0134;a7458780-75f9-45cd-911c-fc8885fdb588;719488cf-11ea-4a02-bd6a-cd4bcd0e447b;e1ce01e3-3ad8-4ae8-b38b-91ad0bc88d58;nearest;0.28;0.9;000;0C;0134
94016_4721_00023;94016_4721;23;;Rue des Jardins;94230;94016;Cachan;;;650418.88;6855510.55;2.32502;48.797768;entrée;;;CACHAN;RUE DES JARDINS;inconnue;inconnue;0;940160000C0101;9426ce93-1aac-4322-84eb-8577e00999b5;719488cf-11ea-4a02-bd6a-cd4bcd0e447b;e1ce01e3-3ad8-4ae8-b38b-91ad0bc88d58;nearest;0.98;0.9;000;0C;0101
94016_4721_00024;94016_4721;24;;Rue des Jardins;94230;94016;Cachan;;;650416.89;6855501.89;2.324994;48.79769;entrée;;;CACHAN;RUE DES JARDINS;inconnue;inconnue;0;940160000C0135;72eb004b-e074-468d-92af-9973cf4a6dff;719488cf-11ea-4a02-bd6a-cd4bcd0e447b;e1ce01e3-3ad8-4ae8-b38b-91ad0bc88d58;nearest;0.28;0.9;000;0C;0135
94016_4721_00025;94016_4721;25;;Rue des Jardins;94230;94016;Cachan;;;650432.71;6855504.98;2.325209;48.797719;entrée;;;CACHAN;RUE DES JARDINS;inconnue;inconnue;0;940160000C0257;5352d3cd-ad4c-4d85-9e73-a6de7fedf8e9;719488cf-11ea-4a02-bd6a-cd4bcd0e447b;e1ce01e3-3ad8-4ae8-b38b-91ad0bc88d58;nearest;1.47;0.9;000;0C;0257
94016_4721_00026;94016_4721;26;;Rue des Jardins;94230;94016;Cachan;;;650430.59;6855496.88;2.325181;48.797646;entrée;;;CACHAN;RUE DES JARDINS;inconnue;inconnue;0;940160000C0136;d37f6f93-eb81-4f77-ae58-a9168a6c9264;719488cf-11ea-4a02-bd6a-cd4bcd0e447b;e1ce01e3-3ad8-4ae8-b38b-91ad0bc88d58;nearest;0.31;0.9;000;0C;0136
94016_4721_00028;94016_4721;28;;Rue des Jardins;94230;94016;Cachan;;;650443.91;6855491.77;2.325363;48.797601;entrée;;;CACHAN;RUE DES JARDINS;inconnue;inconnue;0;940160000C0261;285dc789-7fa0-4408-9c19-1761889f1db7;719488cf-11ea-4a02-bd6a-cd4bcd0e447b;e1ce01e3-3ad8-4ae8-b38b-91ad0bc88d58;nearest;0.11;0.9;000;0C;0261
94016_4721_00029;94016_4721;29;;Rue des Jardins;94230;94016;Cachan;;;650454.97;6855496.45;2.325513;48.797644;entrée;;;CACHAN;RUE DES JARDINS;inconnue;inconnue;0;940160000C0260;88807be3-28e8-4ae0-8da7-a042558a50f8;719488cf-11ea-4a02-bd6a-cd4bcd0e447b;e1ce01e3-3ad8-4ae8-b38b-91ad0bc88d58;nearest;1.81;0.9;000;0C;0260
94016_4721_00030;94016_4721;30;;Rue des Jardins;94230;94016;Cachan;;;650458.49;6855486.64;2.325562;48.797556;entrée;;;CACHAN;RUE DES JARDINS;inconnue;inconnue;0;940160000C0138;d81dea6e-08a8-4fd3-8cb2-b562df35fea6;719488cf-11ea-4a02-bd6a-cd4bcd0e447b;e1ce01e3-3ad8-4ae8-b38b-91ad0bc88d58;nearest;0.31;0.9;000;0C;0138
94016_4721_00032;94016_4721;32;;Rue des Jardins;94230;94016;Cachan;;;650469.18;6855482.66;2.325708;48.797521;entrée;;;CACHAN;RUE DES JARDINS;inconnue;inconnue;0;940160000C0213;fa979f28-8ce1-4da3-ad84-010c23706010;719488cf-11ea-4a02-bd6a-cd4bcd0e447b;e1ce01e3-3ad8-4ae8-b38b-91ad0bc88d58;nearest;0.24;0.9;000;0C;0213
94016_4721_00020_bis;94016_4721;20;bis;Rue des Jardins;94230;94016;Cachan;;;650391.77;6855511.11;2.324651;48.797771;entrée;;;CACHAN;RUE DES JARDINS;inconnue;inconnue;0;940160000C0133;7d515cb7-4996-49fe-abb3-5de244022aa2;719488cf-11ea-4a02-bd6a-cd4bcd0e447b;e1ce01e3-3ad8-4ae8-b38b-91ad0bc88d58;nearest;0.25;0.9;000;0C;0133
94016_4721_00014_bis;94016_4721;14;bis;Rue des Jardins;94230;94016;Cachan;;;650362.9;6855459.55;2.324264;48.797305;entrée;;;CACHAN;RUE DES JARDINS;inconnue;inconnue;0;940160000C0116;7aa0a983-98c8-4cd0-85fb-9a42d4d97e14;719488cf-11ea-4a02-bd6a-cd4bcd0e447b;e1ce01e3-3ad8-4ae8-b38b-91ad0bc88d58;nearest;1.8;0.9;000;0C;0116
94016_4721_00032_bis;94016_4721;32;bis;Rue des Jardins;94230;94016;Cachan;;;650478.27;6855481.13;2.325832;48.797508;segment;;;CACHAN;RUE DES JARDINS;inconnue;inconnue;0;940160000C0213;67d52a27-b666-430c-aae2-6b21899c928e;719488cf-11ea-4a02-bd6a-cd4bcd0e447b;e1ce01e3-3ad8-4ae8-b38b-91ad0bc88d58;nearest;2.07;0.9;000;0C;0213
94016_4721_00020_ter;94016_4721;20;ter;Rue des Jardins;94230;94016;Cachan;;;650391.77;6855511;2.324651;48.79777;entrée;;;CACHAN;RUE DES JARDINS;inconnue;inconnue;0;940160000C0133;7b019039-98cb-44cf-b767-ea6a0b79642e;719488cf-11ea-4a02-bd6a-cd4bcd0e447b;e1ce01e3-3ad8-4ae8-b38b-91ad0bc88d58;nearest;0.14;0.9;000;0C;0133
94016_3560_00002;94016_3560;2;;Rue François Delage;94230;94016;Cachan;;;651344.87;6855042.26;2.337679;48.793627;entrée;;;CACHAN;RUE FRANCOIS DELAGE;inconnue;inconnue;0;940160000Y0458;0dcd7f44-c254-4e08-baa7-df5435e6505f;bab95a33-9775-4bc0-89fb-ebbda10852f7;e1ce01e3-3ad8-4ae8-b38b-91ad0bc88d58;nearest;1.87;0.9;000;0Y;0458
94016_3560_00004;94016_3560;4;;Rue François Delage;94230;94016;Cachan;;;651338.68;6855031.75;2.337596;48.793532;entrée;;;CACHAN;RUE FRANCOIS DELAGE;inconnue;inconnue;0;940160000Y0458;c2b39148-5cc4-4ed6-a3ae-0437e531337b;bab95a33-9775-4bc0-89fb-ebbda10852f7;e1ce01e3-3ad8-4ae8-b38b-91ad0bc88d58;nearest;2.02;0.9;000;0Y;0458
94016_3560_00005;94016_3560;5;;Rue François Delage;94230;94016;Cachan;;;651346.38;6855021.45;2.337702;48.79344;entrée;;;CACHAN;RUE FRANCOIS DELAGE;inconnue;inconnue;0;940160000Y0160;208219b9-629e-4102-8ee3-7e9af558b5cc;bab95a33-9775-4bc0-89fb-ebbda10852f7;e1ce01e3-3ad8-4ae8-b38b-91ad0bc88d58;nearest;0.63;0.9;000;0Y;0160
94016_3560_00006;94016_3560;6;;Rue François Delage;94230;94016;Cachan;;;651332.8;6855022.79;2.337517;48.793451;entrée;;;CACHAN;RUE FRANCOIS DELAGE;inconnue;inconnue;0;940160000Y0458;480b4f44-0182-46a1-9fbb-06cff52e353b;bab95a33-9775-4bc0-89fb-ebbda10852f7;e1ce01e3-3ad8-4ae8-b38b-91ad0bc88d58;nearest;1.45;0.9;000;0Y;0458
94016_3560_00007;94016_3560;7;;Rue François Delage;94230;94016;Cachan;;;651340.57;6855011.72;2.337624;48.793352;entrée;;;CACHAN;RUE FRANCOIS DELAGE;inconnue;inconnue;0;940160000Y0061;b2f759a4-41aa-4612-89e5-621fc9e1f03f;bab95a33-9775-4bc0-89fb-ebbda10852f7;e1ce01e3-3ad8-4ae8-b38b-91ad0bc88d58;nearest;0.61;0.9;000;0Y;0061
94016_3560_00008;94016_3560;8;;Rue François Delage;94230;94016;Cachan;;;651325.27;6855008.95;2.337416;48.793326;entrée;;;CACHAN;RUE FRANCOIS DELAGE;inconnue;inconnue;0;940160000Y0458;ef062005-eaa2-4557-9b27-8c322f6b58c5;bab95a33-9775-4bc0-89fb-ebbda10852f7;e1ce01e3-3ad8-4ae8-b38b-91ad0bc88d58;nearest;2.23;0.9;000;0Y;0458
94016_3560_00009;94016_3560;9;;Rue François Delage;94230;94016;Cachan;;;651334.46;6855001.09;2.337542;48.793256;entrée;;;CACHAN;RUE FRANCOIS DELAGE;cadastre;inconnue;0;940160000Y0060;9755849b-08d9-4882-933a-05d2de98e13a;bab95a33-9775-4bc0-89fb-ebbda10852f7;e1ce01e3-3ad8-4ae8-b38b-91ad0bc88d58;exist;;;000;0Y;0060
94016_3560_00010;94016_3560;10;;Rue François Delage;94230;94016;Cachan;;;651299.91;6854963.8;2.337076;48.792918;segment;;;CACHAN;RUE FRANCOIS DELAGE;inconnue;inconnue;0;940160000Y0461;1aaa4001-9937-4582-b711-83d0f946b1e6;bab95a33-9775-4bc0-89fb-ebbda10852f7;e1ce01e3-3ad8-4ae8-b38b-91ad0bc88d58;nearest;4.03;0.9;000;0Y;0461
94016_3560_00011;94016_3560;11;;Rue François Delage;94230;94016;Cachan;;;651322.31;6854980.74;2.337379;48.793072;entrée;;;CACHAN;RUE FRANCOIS DELAGE;inconnue;inconnue;0;940160000Y0058;81b9e510-509d-45da-9867-40694be08118;bab95a33-9775-4bc0-89fb-ebbda10852f7;e1ce01e3-3ad8-4ae8-b38b-91ad0bc88d58;nearest;0.4;0.9;000;0Y;0058
94016_3560_00012;94016_3560;12;;Rue François Delage;94230;94016;Cachan;;;651299.91;6854963.8;2.337076;48.792918;segment;;;CACHAN;RUE FRANCOIS DELAGE;inconnue;inconnue;0;940160000Y0461;50f92930-c70d-43d4-9806-9e221fa900b1;bab95a33-9775-4bc0-89fb-ebbda10852f7;e1ce01e3-3ad8-4ae8-b38b-91ad0bc88d58;nearest;4.03;0.9;000;0Y;0461
94016_3560_00013;94016_3560;13;;Rue François Delage;94230;94016;Cachan;;;651316.13;6854970.45;2.337296;48.792979;entrée;;;CACHAN;RUE FRANCOIS DELAGE;inconnue;inconnue;0;940160000Y0051;d18a2931-824a-4d16-9ad8-2301bc97f0e6;bab95a33-9775-4bc0-89fb-ebbda10852f7;e1ce01e3-3ad8-4ae8-b38b-91ad0bc88d58;nearest;0.41;0.9;000;0Y;0051
94016_3560_00014;94016_3560;14;;Rue François Delage;94230;94016;Cachan;;;651299.91;6854963.8;2.337076;48.792918;segment;;;CACHAN;RUE FRANCOIS DELAGE;inconnue;inconnue;0;940160000Y0461;87dd4fa0-68dc-4a15-bf0d-b154ca6a98fa;bab95a33-9775-4bc0-89fb-ebbda10852f7;e1ce01e3-3ad8-4ae8-b38b-91ad0bc88d58;nearest;4.03;0.9;000;0Y;0461
94016_3560_00015;94016_3560;15;;Rue François Delage;94230;94016;Cachan;;;651309.57;6854959.83;2.337208;48.792883;entrée;;;CACHAN;RUE FRANCOIS DELAGE;inconnue;inconnue;0;940160000Y0050;0bbc3b0c-0a88-4f6b-a12b-f5c2871d34cb;bab95a33-9775-4bc0-89fb-ebbda10852f7;e1ce01e3-3ad8-4ae8-b38b-91ad0bc88d58;nearest;0.65;0.9;000;0Y;0050
94016_3560_00016;94016_3560;16;;Rue François Delage;94230;94016;Cachan;;;651306.64;6854977.31;2.337166;48.79304;entrée;;;CACHAN;RUE FRANCOIS DELAGE;inconnue;inconnue;0;940160000Y0461;6589868d-9f31-4b49-836d-d0335f7334db;bab95a33-9775-4bc0-89fb-ebbda10852f7;e1ce01e3-3ad8-4ae8-b38b-91ad0bc88d58;nearest;2.48;0.9;000;0Y;0461
94016_3560_00017;94016_3560;17;;Rue François Delage;94230;94016;Cachan;;;651302.86;6854948.21;2.337118;48.792778;entrée;;;CACHAN;RUE FRANCOIS DELAGE;inconnue;inconnue;0;940160000Y0045;91d940b6-a9e8-4f58-b9e0-79f3bd04e4e4;bab95a33-9775-4bc0-89fb-ebbda10852f7;e1ce01e3-3ad8-4ae8-b38b-91ad0bc88d58;nearest;0.35;0.9;000;0Y;0045
94016_3560_00018;94016_3560;18;;Rue François Delage;94230;94016;Cachan;;;651290.13;6854971.55;2.336942;48.792987;;;;CACHAN;RUE FRANCOIS DELAGE;arcep;inconnue;0;940160000Y0461;8c29b89a-cf46-414e-bb0f-38a0588ebb5d;bab95a33-9775-4bc0-89fb-ebbda10852f7;e1ce01e3-3ad8-4ae8-b38b-91ad0bc88d58;within;0.0;1.0;000;0Y;0461
94016_3560_00020;94016_3560;20;;Rue François Delage;94230;94016;Cachan;;;651296.21;6854960.83;2.337026;48.792891;entrée;;;CACHAN;RUE FRANCOIS DELAGE;inconnue;inconnue;0;940160000Y0461;1a5146b8-430c-450c-9940-dd26c9913f30;bab95a33-9775-4bc0-89fb-ebbda10852f7;e1ce01e3-3ad8-4ae8-b38b-91ad0bc88d58;nearest;1.87;0.9;000;0Y;0461
94016_3560_00009_bis;94016_3560;9;bis;Rue François Delage;94230;94016;Cachan;;;651327.83;6854990.36;2.337453;48.793159;entrée;;;CACHAN;RUE FRANCOIS DELAGE;inconnue;inconnue;0;940160000Y0059;d93e96f3-cce1-45d4-aae8-2b9c3c61cde1;bab95a33-9775-4bc0-89fb-ebbda10852f7;e1ce01e3-3ad8-4ae8-b38b-91ad0bc88d58;nearest;0.57;0.9;000;0Y;0059
94016_0060_00001;94016_0060;1;;Impasse Trinty;94230;94016;Cachan;;;651281.6;6853956.22;2.336942;48.783855;entrée;;;CACHAN;IMPASSE TRINTY;inconnue;inconnue;0;94016000AH0180;9a18e2ac-8e44-4525-81e9-fc64c1c1a9b9;0bb4567d-6e84-41f9-8da3-acfddfcc53a9;e1ce01e3-3ad8-4ae8-b38b-91ad0bc88d58;within;0.0;1.0;000;AH;0180
94016_0060_00003;94016_0060;3;;Impasse Trinty;94230;94016;Cachan;;;651292.51;6853950.57;2.337091;48.783805;entrée;;;CACHAN;IMPASSE TRINTY;inconnue;inconnue;0;94016000AH0012;9c7c5c65-7302-4a9a-9682-cf05f6ab9e28;0bb4567d-6e84-41f9-8da3-acfddfcc53a9;e1ce01e3-3ad8-4ae8-b38b-91ad0bc88d58;within;0.0;1.0;000;AH;0012
94016_0060_00004;94016_0060;4;;Impasse Trinty;94230;94016;Cachan;;;651303.23;6853941.58;2.337238;48.783725;entrée;;;CACHAN;IMPASSE TRINTY;inconnue;inconnue;0;94016000AH0007;ea3c70c3-d10a-4d17-87f1-e4360aaeddc4;0bb4567d-6e84-41f9-8da3-acfddfcc53a9;e1ce01e3-3ad8-4ae8-b38b-91ad0bc88d58;nearest;0.06;0.9;000;AH;0007
94016_0060_00007;94016_0060;7;;Impasse Trinty;94230;94016;Cachan;;;651325.79;6853933.39;2.337546;48.783653;entrée;;;CACHAN;IMPASSE TRINTY;inconnue;inconnue;0;94016000AH0009;2529d684-3eda-448b-9c86-e4d69a68d021;0bb4567d-6e84-41f9-8da3-acfddfcc53a9;e1ce01e3-3ad8-4ae8-b38b-91ad0bc88d58;nearest;1.42;0.9;000;AH;0009
94016_0060_00009;94016_0060;9;;Impasse Trinty;94230;94016;Cachan;;;651339.19;6853927.72;2.337729;48.783603;entrée;;;CACHAN;IMPASSE TRINTY;inconnue;inconnue;0;94016000AH0008;de76e8fb-582f-4f7c-9bcf-176a6a253c23;0bb4567d-6e84-41f9-8da3-acfddfcc53a9;e1ce01e3-3ad8-4ae8-b38b-91ad0bc88d58;nearest;1.39;0.9;000;AH;0008
94016_0060_00010;94016_0060;10;;Impasse Trinty;94230;94016;Cachan;;;651344.31;6853924.11;2.337799;48.783571;entrée;;;CACHAN;IMPASSE TRINTY;inconnue;inconnue;0;94016000AH0377;01b8e816-d9b8-4004-bcab-30a6897bfb4f;0bb4567d-6e84-41f9-8da3-acfddfcc53a9;e1ce01e3-3ad8-4ae8-b38b-91ad0bc88d58;nearest;0.29;0.9;000;AH;0377
94016_0060_00003_bis;94016_0060;3;bis;Impasse Trinty;94230;94016;Cachan;;;651311.97;6853940.84;2.337357;48.783719;entrée;;;CACHAN;IMPASSE TRINTY;inconnue;inconnue;0;94016000AH0011;0885b071-8805-42e8-9eb9-b71859fd5206;0bb4567d-6e84-41f9-8da3-acfddfcc53a9;e1ce01e3-3ad8-4ae8-b38b-91ad0bc88d58;within;0.0;1.0;000;AH;0011
94016_6165_00001;94016_6165;1;;Rue Mirabeau;94230;94016;Cachan;;;651188.99;6855306.09;2.335527;48.795988;entrée;;;CACHAN;RUE MIRABEAU;inconnue;inconnue;0;940160000T0014;c84fb51e-13d3-4b08-a2e6-ca505fce6b8d;437a4ac3-0626-4755-926d-c9250c250fd0;e1ce01e3-3ad8-4ae8-b38b-91ad0bc88d58;nearest;1.54;0.9;000;0T;0014
94016_6165_00002;94016_6165;2;;Rue Mirabeau;94230;94016;Cachan;;;651191.01;6855292.29;2.335556;48.795864;entrée;;;CACHAN;RUE MIRABEAU;inconnue;inconnue;0;940160000R0190;4656cf6b-9af4-4aa9-9453-f0448b81b1d5;437a4ac3-0626-4755-926d-c9250c250fd0;e1ce01e3-3ad8-4ae8-b38b-91ad0bc88d58;nearest;0.64;0.9;000;0R;0190
94016_6165_00004;94016_6165;4;;Rue Mirabeau;94230;94016;Cachan;;;651226.3;6855305.22;2.336035;48.795983;entrée;;;CACHAN;RUE MIRABEAU;inconnue;inconnue;0;940160000R0184;819d1744-cbd5-40ad-bc1c-f4b7b8284385;437a4ac3-0626-4755-926d-c9250c250fd0;e1ce01e3-3ad8-4ae8-b38b-91ad0bc88d58;nearest;0.8;0.9;000;0R;0184
94016_6165_00006;94016_6165;6;;Rue Mirabeau;94230;94016;Cachan;;;651254.67;6855315.22;2.33642;48.796075;entrée;;;CACHAN;RUE MIRABEAU;inconnue;inconnue;0;940160000R0184;1264c9c0-3a06-40fb-a886-4f79007f7027;437a4ac3-0626-4755-926d-c9250c250fd0;e1ce01e3-3ad8-4ae8-b38b-91ad0bc88d58;nearest;0.55;0.9;000;0R;0184
94016_6165_00007;94016_6165;7;;Rue Mirabeau;94230;94016;Cachan;;;651231.8;6855321.52;2.336108;48.79613;entrée;;;CACHAN;RUE MIRABEAU;inconnue;inconnue;0;940160000T0083;17ac4daf-d5ad-4691-9573-1572546b2815;437a4ac3-0626-4755-926d-c9250c250fd0;e1ce01e3-3ad8-4ae8-b38b-91ad0bc88d58;nearest;1.83;0.9;000;0T;0083
94016_6165_00009;94016_6165;9;;Rue Mirabeau;94230;94016;Cachan;;;651248.31;6855327.61;2.336332;48.796186;entrée;;;CACHAN;RUE MIRABEAU;inconnue;inconnue;0;940160000T0083;a2b10bd9-ecdc-45c2-94da-3129f63afeb4;437a4ac3-0626-4755-926d-c9250c250fd0;e1ce01e3-3ad8-4ae8-b38b-91ad0bc88d58;nearest;1.71;0.9;000;0T;0083
94016_6165_00011;94016_6165;11;;Rue Mirabeau;94230;94016;Cachan;;;651265.18;6855333.59;2.336561;48.796241;entrée;;;CACHAN;RUE MIRABEAU;inconnue;inconnue;0;940160000T0083;4ca40f42-6c8c-4d97-bcc1-8c06436633b0;437a4ac3-0626-4755-926d-c9250c250fd0;e1ce01e3-3ad8-4ae8-b38b-91ad0bc88d58;nearest;1.83;0.9;000;0T;0083
94016_6165_00012;94016_6165;12;;Rue Mirabeau;94230;94016;Cachan;;;651240.91;6855312.55;2.336233;48.79605;segment;;;CACHAN;RUE MIRABEAU;inconnue;inconnue;0;940160000R0184;502b5865-a5f3-4ea1-8a4a-2f11767a9381;437a4ac3-0626-4755-926d-c9250c250fd0;e1ce01e3-3ad8-4ae8-b38b-91ad0bc88d58;nearest;2.8;0.9;000;0R;0184
94016_2565_00001;94016_2565;1;;Rue du Docteur Gosselin;94230;94016;Cachan;;;650628.43;6855498.98;2.327874;48.79768;entrée;;;CACHAN;RUE DU DOCTEUR GOSSELIN;inconnue;inconnue;0;940160000B0157;30bcf476-635c-4f9d-9c5a-16f7364a0ad7;262027ba-afc5-490b-aa13-50c1bda7df54;e1ce01e3-3ad8-4ae8-b38b-91ad0bc88d58;within;0.0;1.0;000;0B;0157
94016_2565_00002;94016_2565;2;;Rue du Docteur Gosselin;94230;94016;Cachan;;;650659.41;6855548.86;2.32829;48.798131;entrée;;;CACHAN;RUE DU DOCTEUR GOSSELIN;inconnue;inconnue;0;940160000B0031;5c686501-ddcd-4f93-92f2-cf168be90d17;262027ba-afc5-490b-aa13-50c1bda7df54;e1ce01e3-3ad8-4ae8-b38b-91ad0bc88d58;nearest;0.28;0.9;000;0B;0031
94016_2565_00004;94016_2565;4;;Rue du Docteur Gosselin;94230;94016;Cachan;;;650660.49;6855554.75;2.328304;48.798184;entrée;;;CACHAN;RUE DU DOCTEUR GOSSELIN;inconnue;inconnue;0;940160000B0031;8bd9df33-e107-4933-9449-a667b74d00e5;262027ba-afc5-490b-aa13-50c1bda7df54;e1ce01e3-3ad8-4ae8-b38b-91ad0bc88d58;within;0.0;1.0;000;0B;0031
94016_2565_00006;94016_2565;6;;Rue du Docteur Gosselin;94230;94016;Cachan;;;650662.33;6855581.31;2.328326;48.798423;entrée;;;CACHAN;RUE DU DOCTEUR GOSSELIN;inconnue;inconnue;0;940160000B0032;fb21af6d-0981-457a-b925-5096aa9fbcf0;262027ba-afc5-490b-aa13-50c1bda7df54;e1ce01e3-3ad8-4ae8-b38b-91ad0bc88d58;nearest;0.22;0.9;000;0B;0032
94016_2565_00008;94016_2565;8;;Rue du Docteur Gosselin;94230;94016;Cachan;;;650665.12;6855623.65;2.328359;48.798804;entrée;;;CACHAN;RUE DU DOCTEUR GOSSELIN;inconnue;inconnue;0;940160000B0034;3ab046a7-cd05-4ba2-b4e9-086625ef8a9d;262027ba-afc5-490b-aa13-50c1bda7df54;e1ce01e3-3ad8-4ae8-b38b-91ad0bc88d58;nearest;1.76;0.9;000;0B;0034
94016_2565_00010;94016_2565;10;;Rue du Docteur Gosselin;94230;94016;Cachan;;;650667.61;6855640.3;2.328391;48.798954;entrée;;;CACHAN;RUE DU DOCTEUR GOSSELIN;inconnue;inconnue;0;940160000B0035;ab27c9f6-bcbd-433f-a95e-fc2c0a6db227;262027ba-afc5-490b-aa13-50c1bda7df54;e1ce01e3-3ad8-4ae8-b38b-91ad0bc88d58;nearest;0.27;0.9;000;0B;0035
94016_2565_00012;94016_2565;12;;Rue du Docteur Gosselin;94230;94016;Cachan;;;650668.18;6855646.86;2.328398;48.799013;entrée;;;CACHAN;RUE DU DOCTEUR GOSSELIN;inconnue;inconnue;0;940160000B0064;a6fab185-1469-4990-9fd1-df152a73c682;262027ba-afc5-490b-aa13-50c1bda7df54;e1ce01e3-3ad8-4ae8-b38b-91ad0bc88d58;nearest;0.3;0.9;000;0B;0064
94016_2565_00014;94016_2565;14;;Rue du Docteur Gosselin;94230;94016;Cachan;;;650669.32;6855659.3;2.328412;48.799125;entrée;;;CACHAN;RUE DU DOCTEUR GOSSELIN;inconnue;inconnue;0;940160000B0036;008ed33d-4dab-4fd4-8687-11218dab33dc;262027ba-afc5-490b-aa13-50c1bda7df54;e1ce01e3-3ad8-4ae8-b38b-91ad0bc88d58;nearest;0.28;0.9;000;0B;0036
94016_2565_00016;94016_2565;16;;Rue du Docteur Gosselin;94230;94016;Cachan;;;650683.93;6855701.77;2.328606;48.799508;entrée;;;CACHAN;RUE DU DOCTEUR GOSSELIN;inconnue;inconnue;0;940160000B0038;bf4e6274-c325-4314-9a6c-ef39de6f3fd4;262027ba-afc5-490b-aa13-50c1bda7df54;e1ce01e3-3ad8-4ae8-b38b-91ad0bc88d58;nearest;0.22;0.9;000;0B;0038
94016_2565_00018;94016_2565;18;;Rue du Docteur Gosselin;94230;94003;Cachan;;;650680.12;6855729.37;2.328551;48.799756;segment;;;CACHAN;RUE DU DOCTEUR GOSSELIN;inconnue;inconnue;0;940030000K0001;d4994fd0-47c9-4209-8a7f-742d20acfff5;262027ba-afc5-490b-aa13-50c1bda7df54;e1ce01e3-3ad8-4ae8-b38b-91ad0bc88d58;nearest;0.36;0.9;000;0K;0001
94016_2565_00008_bis;94016_2565;8;bis;Rue du Docteur Gosselin;94230;94016;Cachan;;;650664.57;6855610.86;2.328353;48.798689;entrée;;;CACHAN;RUE DU DOCTEUR GOSSELIN;inconnue;inconnue;0;940160000B0055;fa29ff20-11f8-41f6-98e7-0df8cf3b000d;262027ba-afc5-490b-aa13-50c1bda7df54;e1ce01e3-3ad8-4ae8-b38b-91ad0bc88d58;nearest;0.85;0.9;000;0B;0055
94016_2565_00006_bis;94016_2565;6;bis;Rue du Docteur Gosselin;94230;94016;Cachan;;;650663.57;6855596.86;2.328341;48.798563;entrée;;;CACHAN;RUE DU DOCTEUR GOSSELIN;inconnue;inconnue;0;940160000B0033;4d60d5d2-ff9c-433b-b7f0-03aba2c10544;262027ba-afc5-490b-aa13-50c1bda7df54;e1ce01e3-3ad8-4ae8-b38b-91ad0bc88d58;nearest;0.47;0.9;000;0B;0033
94016_2565_00014_bis;94016_2565;14;bis;Rue du Docteur Gosselin;94230;94016;Cachan;;;650674.42;6855672.05;2.32848;48.79924;entrée;;;CACHAN;RUE DU DOCTEUR GOSSELIN;inconnue;inconnue;0;940160000B0037;80a17d3f-b68b-4918-ac8c-b5b01c40dfeb;262027ba-afc5-490b-aa13-50c1bda7df54;e1ce01e3-3ad8-4ae8-b38b-91ad0bc88d58;nearest;0.14;0.9;000;0B;0037
94016_1425_00001;94016_1425;1;;Rue du Centre;94230;94016;Cachan;;;650436.89;6855383.64;2.32528;48.796628;entrée;;;CACHAN;RUE DU CENTRE;inconnue;inconnue;0;940160000D0101;64514acb-2434-4a0b-880c-cf9620e20e2a;e3bf902e-aa3a-4ab3-98aa-04752a286053;e1ce01e3-3ad8-4ae8-b38b-91ad0bc88d58;nearest;0.51;0.9;000;0D;0101
94016_1425_00003;94016_1425;3;;Rue du Centre;94230;94016;Cachan;;;650418.71;6855387.79;2.325032;48.796664;entrée;;;CACHAN;RUE DU CENTRE;inconnue;inconnue;0;940160000D0100;34c3bbf5-0249-48d9-98a2-37014fdf89d1;e3bf902e-aa3a-4ab3-98aa-04752a286053;e1ce01e3-3ad8-4ae8-b38b-91ad0bc88d58;nearest;0.04;0.9;000;0D;0100
94016_1425_00005;94016_1425;5;;Rue du Centre;94230;94016;Cachan;;;650403.98;6855392.14;2.324831;48.796702;entrée;;;CACHAN;RUE DU CENTRE;inconnue;inconnue;0;940160000D0099;31bce9d0-81d3-4a9c-896d-f2d7d12ed9fa;e3bf902e-aa3a-4ab3-98aa-04752a286053;e1ce01e3-3ad8-4ae8-b38b-91ad0bc88d58;nearest;0.64;0.9;000;0D;0099
94016_1425_00006;94016_1425;6;;Rue du Centre;94230;94016;Cachan;;;650424.5;6855395.42;2.32511;48.796733;entrée;;;CACHAN;RUE DU CENTRE;inconnue;inconnue;0;940160000D0102;87858d1e-23d9-49db-9ddc-5d815e4aaaea;e3bf902e-aa3a-4ab3-98aa-04752a286053;e1ce01e3-3ad8-4ae8-b38b-91ad0bc88d58;nearest;1.14;0.9;000;0D;0102
94016_1425_00007;94016_1425;7;;Rue du Centre;94230;94016;Cachan;;;650394.89;6855393.89;2.324707;48.796717;entrée;;;CACHAN;RUE DU CENTRE;inconnue;inconnue;0;940160000D0098;343b51b3-a8d5-45ed-921d-9fcf777d4915;e3bf902e-aa3a-4ab3-98aa-04752a286053;e1ce01e3-3ad8-4ae8-b38b-91ad0bc88d58;nearest;0.07;0.9;000;0D;0098
94016_1425_00008;94016_1425;8;;Rue du Centre;94230;94016;Cachan;;;650415.27;6855397.72;2.324984;48.796753;entrée;;;CACHAN;RUE DU CENTRE;inconnue;inconnue;0;940160000D0103;f1294126-fe64-434f-b37c-46e59b137689;e3bf902e-aa3a-4ab3-98aa-04752a286053;e1ce01e3-3ad8-4ae8-b38b-91ad0bc88d58;nearest;1.16;0.9;000;0D;0103
94016_1425_00009;94016_1425;9;;Rue du Centre;94230;94016;Cachan;;;650384.33;6855396.65;2.324563;48.796741;entrée;;;CACHAN;RUE DU CENTRE;inconnue;inconnue;0;940160000D0097;5db468f8-f38d-4201-b652-bc3c4021a6f4;e3bf902e-aa3a-4ab3-98aa-04752a286053;e1ce01e3-3ad8-4ae8-b38b-91ad0bc88d58;nearest;0.14;0.9;000;0D;0097
94016_1425_00010;94016_1425;10;;Rue du Centre;94230;94016;Cachan;;;650404.49;6855400.37;2.324837;48.796776;entrée;;;CACHAN;RUE DU CENTRE;inconnue;inconnue;0;940160000D0104;f704621e-6989-4cde-b275-967c3b449de9;e3bf902e-aa3a-4ab3-98aa-04752a286053;e1ce01e3-3ad8-4ae8-b38b-91ad0bc88d58;nearest;1.24;0.9;000;0D;0104
94016_1425_00012;94016_1425;12;;Rue du Centre;94230;94016;Cachan;;;650395.77;6855402.56;2.324718;48.796795;entrée;;;CACHAN;RUE DU CENTRE;inconnue;inconnue;0;940160000D0105;f4955672-42ce-400b-bb30-4ced0c7b54cd;e3bf902e-aa3a-4ab3-98aa-04752a286053;e1ce01e3-3ad8-4ae8-b38b-91ad0bc88d58;nearest;1.26;0.9;000;0D;0105
94016_1425_00014;94016_1425;14;;Rue du Centre;94230;94016;Cachan;;;650391.08;6855403.82;2.324654;48.796806;entrée;;;CACHAN;RUE DU CENTRE;inconnue;inconnue;0;940160000D0106;226ade46-8098-44f7-92f1-856990cf1143;e3bf902e-aa3a-4ab3-98aa-04752a286053;e1ce01e3-3ad8-4ae8-b38b-91ad0bc88d58;nearest;1.18;0.9;000;0D;0106
94016_1425_00016;94016_1425;16;;Rue du Centre;94230;94016;Cachan;;;650385.8;6855405.53;2.324582;48.796821;entrée;;;CACHAN;RUE DU CENTRE;inconnue;inconnue;0;940160000D0107;9de15173-3afa-4d4e-8081-6331dceb854a;e3bf902e-aa3a-4ab3-98aa-04752a286053;e1ce01e3-3ad8-4ae8-b38b-91ad0bc88d58;nearest;0.82;0.9;000;0D;0107
94016_1425_00018;94016_1425;18;;Rue du Centre;94230;94016;Cachan;;;650377.88;6855407.05;2.324474;48.796834;entrée;;;CACHAN;RUE DU CENTRE;inconnue;inconnue;0;940160000D0108;04e0ec7f-522e-46ae-b69d-c7abf36ad0ad;e3bf902e-aa3a-4ab3-98aa-04752a286053;e1ce01e3-3ad8-4ae8-b38b-91ad0bc88d58;nearest;1.3;0.9;000;0D;0108
94016_6120_00005;94016_6120;5;;Rue Marcel Bonnet;94230;94016;Cachan;;;650683.38;6855110.89;2.328667;48.794194;parcelle;;;CACHAN;RUE MARCEL BONNET;cadastre;inconnue;0;940160000F0023;a9e2a00c-affd-4df7-9da8-8f3adaa2e7f2;79a5ada4-f70d-4096-bf33-17225ec2caf9;e1ce01e3-3ad8-4ae8-b38b-91ad0bc88d58;exist;;;000;0F;0023
94016_6120_00007;94016_6120;7;;Rue Marcel Bonnet;94230;94016;Cachan;;;650683.38;6855110.89;2.328667;48.794194;parcelle;;;CACHAN;RUE MARCEL BONNET;cadastre;inconnue;0;940160000F0023;d024f84f-7cb5-4c70-b305-e0c058b0e31b;79a5ada4-f70d-4096-bf33-17225ec2caf9;e1ce01e3-3ad8-4ae8-b38b-91ad0bc88d58;exist;;;000;0F;0023
94016_6120_00008;94016_6120;8;;Rue Marcel Bonnet;94230;94016;Cachan;;;650816.99;6855220.62;2.330473;48.795191;entrée;;;CACHAN;RUE MARCEL BONNET;cadastre;inconnue;0;940160000B0074;7bf42381-b058-4c4e-bf27-4f8450b45af1;79a5ada4-f70d-4096-bf33-17225ec2caf9;e1ce01e3-3ad8-4ae8-b38b-91ad0bc88d58;exist;;;000;0B;0074
94016_6120_00009;94016_6120;9;;Rue Marcel Bonnet;94230;94016;Cachan;;;650415.63;6855328.55;2.324997;48.796131;;;;CACHAN;RUE MARCEL BONNET;arcep;inconnue;0;940160000D0086;01479031-1319-40d0-a469-bd1dd9cf9418;79a5ada4-f70d-4096-bf33-17225ec2caf9;e1ce01e3-3ad8-4ae8-b38b-91ad0bc88d58;within;0.0;1.0;000;0D;0086
94016_6120_00011;94016_6120;11;;Rue Marcel Bonnet;94230;94016;Cachan;;;650778.73;6855222.05;2.329952;48.795201;entrée;;;CACHAN;RUE MARCEL BONNET;inconnue;inconnue;0;940160000F0003;3a3f163e-4622-4c0f-ac19-89aa55d7306a;79a5ada4-f70d-4096-bf33-17225ec2caf9;e1ce01e3-3ad8-4ae8-b38b-91ad0bc88d58;nearest;0.74;0.9;000;0F;0003
94016_6120_00013;94016_6120;13;;Rue Marcel Bonnet;94230;94016;Cachan;;;650766.31;6855221.05;2.329783;48.795191;entrée;;;CACHAN;RUE MARCEL BONNET;inconnue;inconnue;0;940160000F0003;f82a8860-5b8f-4270-aed8-55e2b3c3a3d3;79a5ada4-f70d-4096-bf33-17225ec2caf9;e1ce01e3-3ad8-4ae8-b38b-91ad0bc88d58;within;0.0;1.0;000;0F;0003
94016_6120_00015;94016_6120;15;;Rue Marcel Bonnet;94230;94016;Cachan;;;650759.77;6855221.43;2.329694;48.795194;entrée;;;CACHAN;RUE MARCEL BONNET;inconnue;inconnue;0;940160000F0003;b92852a5-56b1-49f6-836d-cf21d942a44d;79a5ada4-f70d-4096-bf33-17225ec2caf9;e1ce01e3-3ad8-4ae8-b38b-91ad0bc88d58;within;0.0;1.0;000;0F;0003
94016_6120_00032;94016_6120;32;;Rue Marcel Bonnet;94230;94016;Cachan;;;650770.17;6855234.69;2.329834;48.795314;entrée;;;CACHAN;RUE MARCEL BONNET;inconnue;inconnue;0;940160000B0154;b3e9d513-0cca-4d9d-9b37-32c8a90fe4e5;79a5ada4-f70d-4096-bf33-17225ec2caf9;e1ce01e3-3ad8-4ae8-b38b-91ad0bc88d58;within;0.0;1.0;000;0B;0154
94016_6120_00034;94016_6120;34;;Rue Marcel Bonnet;94230;94016;Cachan;;;650740.69;6855240.72;2.329432;48.795366;entrée;;;CACHAN;RUE MARCEL BONNET;inconnue;inconnue;0;940160000B0154;3a555bf6-9b8d-4102-896c-933d1c09528f;79a5ada4-f70d-4096-bf33-17225ec2caf9;e1ce01e3-3ad8-4ae8-b38b-91ad0bc88d58;within;0.0;1.0;000;0B;0154
94016_6120_00036;94016_6120;36;;Rue Marcel Bonnet;94230;94016;Cachan;;;650698.17;6855268.88;2.32885;48.795616;entrée;;;CACHAN;RUE MARCEL BONNET;inconnue;inconnue;0;940160000B0152;238c444e-173a-4284-8020-d0667cdacc05;79a5ada4-f70d-4096-bf33-17225ec2caf9;e1ce01e3-3ad8-4ae8-b38b-91ad0bc88d58;within;0.0;1.0;000;0B;0152
94016_6120_00038;94016_6120;38;;Rue Marcel Bonnet;94230;94016;Cachan;;;650699.2;6855268.87;2.328864;48.795616;entrée;;;CACHAN;RUE MARCEL BONNET;inconnue;inconnue;0;940160000B0152;4a576272-7f40-471b-885f-5ac7d532dcb2;79a5ada4-f70d-4096-bf33-17225ec2caf9;e1ce01e3-3ad8-4ae8-b38b-91ad0bc88d58;within;0.0;1.0;000;0B;0152
94016_6120_00041;94016_6120;41;;Rue Marcel Bonnet;94230;94016;Cachan;;;650683;6855237.99;2.328647;48.795337;entrée;;;CACHAN;RUE MARCEL BONNET;inconnue;inconnue;0;940160000F0028;2b80a9d3-d02d-45af-b645-7ffe4782e2b0;79a5ada4-f70d-4096-bf33-17225ec2caf9;e1ce01e3-3ad8-4ae8-b38b-91ad0bc88d58;within;0.0;1.0;000;0F;0028
94016_6120_00047;94016_6120;47;;Rue Marcel Bonnet;94230;94016;Cachan;;;650585.77;6855260.16;2.327321;48.795529;entrée;;;CACHAN;RUE MARCEL BONNET;inconnue;inconnue;0;940160000F0026;b5d0db38-fa7c-4944-877e-751f317acc6c;79a5ada4-f70d-4096-bf33-17225ec2caf9;e1ce01e3-3ad8-4ae8-b38b-91ad0bc88d58;within;0.0;1.0;000;0F;0026
94016_6120_00048;94016_6120;48;;Rue Marcel Bonnet;94230;94016;Cachan;;;650590.27;6855270.91;2.327381;48.795626;entrée;;;CACHAN;RUE MARCEL BONNET;inconnue;inconnue;0;940160000B0137;f8c362c3-0d7e-4f84-aabb-fc68a4c5785d;79a5ada4-f70d-4096-bf33-17225ec2caf9;e1ce01e3-3ad8-4ae8-b38b-91ad0bc88d58;nearest;1.43;0.9;000;0B;0137
94016_6120_00051;94016_6120;51;;Rue Marcel Bonnet;94230;94016;Cachan;;;650635.76;6855246.51;2.328003;48.79541;;;;CACHAN;RUE MARCEL BONNET;arcep;inconnue;0;940160000F0023;e50e9206-ff5b-47e5-81b5-929f9b26dd95;79a5ada4-f70d-4096-bf33-17225ec2caf9;e1ce01e3-3ad8-4ae8-b38b-91ad0bc88d58;within;0.0;1.0;000;0F;0023
94016_6120_00052;94016_6120;52;;Rue Marcel Bonnet;94230;94016;Cachan;;;650544.89;6855282.08;2.326762;48.795723;entrée;;;CACHAN;RUE MARCEL BONNET;inconnue;inconnue;0;940160000D0157;11531e80-604e-4620-8ab3-83f41fb63ed6;79a5ada4-f70d-4096-bf33-17225ec2caf9;e1ce01e3-3ad8-4ae8-b38b-91ad0bc88d58;nearest;1.18;0.9;000;0D;0157
94016_6120_00053;94016_6120;53;;Rue Marcel Bonnet;94230;94016;Cachan;;;650557.58;6855261.85;2.326937;48.795542;entrée;;;CACHAN;RUE MARCEL BONNET;inconnue;inconnue;0;940160000E0186;3b95f4f1-2a94-43f9-88ab-4b63d2013f84;79a5ada4-f70d-4096-bf33-17225ec2caf9;e1ce01e3-3ad8-4ae8-b38b-91ad0bc88d58;nearest;0.07;0.9;000;0E;0186
94016_6120_00054;94016_6120;54;;Rue Marcel Bonnet;94230;94016;Cachan;;;650532.22;6855311.44;2.326586;48.795986;entrée;;;CACHAN;RUE MARCEL BONNET;inconnue;inconnue;0;940160000D0163;7d83cefe-4180-415d-879d-d027c47782ff;79a5ada4-f70d-4096-bf33-17225ec2caf9;e1ce01e3-3ad8-4ae8-b38b-91ad0bc88d58;within;0.0;1.0;000;0D;0163
94016_6120_00055;94016_6120;55;;Rue Marcel Bonnet;94230;94016;Cachan;;;650552.37;6855263.12;2.326866;48.795553;entrée;;;CACHAN;RUE MARCEL BONNET;inconnue;inconnue;0;940160000E0187;d5025ae0-8e83-42d6-83c2-fab049d23cd7;79a5ada4-f70d-4096-bf33-17225ec2caf9;e1ce01e3-3ad8-4ae8-b38b-91ad0bc88d58;nearest;0.06;0.9;000;0E;0187
94016_6120_00056;94016_6120;56;;Rue Marcel Bonnet;94230;94016;Cachan;;;650548.58;6855326.86;2.326807;48.796126;entrée;;;CACHAN;RUE MARCEL BONNET;inconnue;inconnue;0;940160000D0163;7b169eca-e5e7-4363-af63-392d36a887fd;79a5ada4-f70d-4096-bf33-17225ec2caf9;e1ce01e3-3ad8-4ae8-b38b-91ad0bc88d58;within;0.0;1.0;000;0D;0163
94016_6120_00057;94016_6120;57;;Rue Marcel Bonnet;94230;94016;Cachan;;;650547.9;6855264.16;2.326805;48.795562;entrée;;;CACHAN;RUE MARCEL BONNET;inconnue;inconnue;0;940160000E0185;4649ef7e-a15b-4873-9cd7-8fe112ff24da;79a5ada4-f70d-4096-bf33-17225ec2caf9;e1ce01e3-3ad8-4ae8-b38b-91ad0bc88d58;nearest;0.02;0.9;000;0E;0185
94016_6120_00059;94016_6120;59;;Rue Marcel Bonnet;94230;94016;Cachan;;;650533.02;6855267.84;2.326602;48.795594;entrée;;;CACHAN;RUE MARCEL BONNET;inconnue;inconnue;0;940160000E0184;8713623d-7ed6-41e2-b972-bf42018b8720;79a5ada4-f70d-4096-bf33-17225ec2caf9;e1ce01e3-3ad8-4ae8-b38b-91ad0bc88d58;nearest;0.07;0.9;000;0E;0184
94016_6120_00060;94016_6120;60;;Rue Marcel Bonnet;94230;94016;Cachan;;;650482.87;6855297.18;2.325916;48.795854;entrée;;;CACHAN;RUE MARCEL BONNET;inconnue;inconnue;0;940160000D0155;2981977e-eb5c-4367-a344-3a1bf6ca951a;79a5ada4-f70d-4096-bf33-17225ec2caf9;e1ce01e3-3ad8-4ae8-b38b-91ad0bc88d58;nearest;1.18;0.9;000;0D;0155
94016_6120_00061;94016_6120;61;;Rue Marcel Bonnet;94230;94016;Cachan;;;650516.08;6855271.99;2.326371;48.79563;entrée;;;CACHAN;RUE MARCEL BONNET;inconnue;inconnue;0;940160000E0230;58e555c5-8c22-44cf-a5cf-e4563912fd2b;79a5ada4-f70d-4096-bf33-17225ec2caf9;e1ce01e3-3ad8-4ae8-b38b-91ad0bc88d58;nearest;0.11;0.9;000;0E;0230
94016_6120_00062;94016_6120;62;;Rue Marcel Bonnet;94230;94016;Cachan;;;650464.62;6855301.56;2.325667;48.795892;entrée;;;CACHAN;RUE MARCEL BONNET;inconnue;inconnue;0;940160000D0154;23b143cc-9451-434d-95c9-4ea0b0c1da6c;79a5ada4-f70d-4096-bf33-17225ec2caf9;e1ce01e3-3ad8-4ae8-b38b-91ad0bc88d58;nearest;1.27;0.9;000;0D;0154
94016_6120_00064;94016_6120;64;;Rue Marcel Bonnet;94230;94016;Cachan;;;650447.51;6855311.49;2.325433;48.79598;;;;CACHAN;RUE MARCEL BONNET;arcep;inconnue;0;940160000D0175;383ea670-eb43-4f88-85d8-5d565b850fb7;79a5ada4-f70d-4096-bf33-17225ec2caf9;e1ce01e3-3ad8-4ae8-b38b-91ad0bc88d58;within;0.0;1.0;000;0D;0175
94016_6120_00065;94016_6120;65;;Rue Marcel Bonnet;94230;94016;Cachan;;;650473.12;6855282.25;2.325785;48.795719;entrée;;;CACHAN;RUE MARCEL BONNET;inconnue;inconnue;0;940160000E0166;f68a8de6-ae1d-48bd-893f-181b5f9e2a19;79a5ada4-f70d-4096-bf33-17225ec2caf9;e1ce01e3-3ad8-4ae8-b38b-91ad0bc88d58;nearest;0.13;0.9;000;0E;0166
94016_6120_00066;94016_6120;66;;Rue Marcel Bonnet;94230;94016;Cachan;;;650423.33;6855309.81;2.325104;48.795963;entrée;;;CACHAN;RUE MARCEL BONNET;inconnue;inconnue;0;940160000D0087;2acb5bf4-87b9-4d5e-afa4-e395095a4bb4;79a5ada4-f70d-4096-bf33-17225ec2caf9;e1ce01e3-3ad8-4ae8-b38b-91ad0bc88d58;nearest;1.17;0.9;000;0D;0087
94016_6120_00067;94016_6120;67;;Rue Marcel Bonnet;94230;94016;Cachan;;;650460.88;6855285.14;2.325618;48.795744;entrée;;;CACHAN;RUE MARCEL BONNET;inconnue;inconnue;0;940160000E0165;9a256b15-aabd-45eb-b339-9e6716b5eeb7;79a5ada4-f70d-4096-bf33-17225ec2caf9;e1ce01e3-3ad8-4ae8-b38b-91ad0bc88d58;nearest;0.07;0.9;000;0E;0165
94016_6120_00068;94016_6120;68;;Rue Marcel Bonnet;94230;94016;Cachan;;;650411.52;6855311.58;2.324943;48.795978;entrée;;;CACHAN;RUE MARCEL BONNET;inconnue;inconnue;0;940160000D0086;e75bf00b-26b9-4cbc-b4a6-c9c4539546cb;79a5ada4-f70d-4096-bf33-17225ec2caf9;e1ce01e3-3ad8-4ae8-b38b-91ad0bc88d58;nearest;1.19;0.9;000;0D;0086
94016_6120_00073;94016_6120;73;;Rue Marcel Bonnet;94230;94016;Cachan;;;650412.2;6855296.78;2.324954;48.795845;entrée;;;CACHAN;RUE MARCEL BONNET;inconnue;inconnue;0;940160000E0130;27316521-2e55-4b3d-b83d-1e3e1a99d03e;79a5ada4-f70d-4096-bf33-17225ec2caf9;e1ce01e3-3ad8-4ae8-b38b-91ad0bc88d58;nearest;0.04;0.9;000;0E;0130
94016_6120_00075;94016_6120;75;;Rue Marcel Bonnet;94230;94016;Cachan;;;650399.66;6855299.78;2.324783;48.795871;entrée;;;CACHAN;RUE MARCEL BONNET;inconnue;inconnue;0;940160000E0129;ebca3cef-9ce9-4371-b982-43fa98e7edac;79a5ada4-f70d-4096-bf33-17225ec2caf9;e1ce01e3-3ad8-4ae8-b38b-91ad0bc88d58;nearest;0.02;0.9;000;0E;0129
94016_6120_00076;94016_6120;76;;Rue Marcel Bonnet;94230;94016;Cachan;;;650368.02;6855319.18;2.32435;48.796043;entrée;;;CACHAN;RUE MARCEL BONNET;inconnue;inconnue;0;940160000D0161;7248205b-0d9d-48b0-8227-7c0bc86bc49e;79a5ada4-f70d-4096-bf33-17225ec2caf9;e1ce01e3-3ad8-4ae8-b38b-91ad0bc88d58;nearest;1.18;0.9;000;0D;0161
94016_6120_00077;94016_6120;77;;Rue Marcel Bonnet;94230;94016;Cachan;;;650367.41;6855307.51;2.324343;48.795938;entrée;;;CACHAN;RUE MARCEL BONNET;inconnue;inconnue;0;940160000E0025;8f70d0dd-705b-4d3f-a119-8e6ebd4f1301;79a5ada4-f70d-4096-bf33-17225ec2caf9;e1ce01e3-3ad8-4ae8-b38b-91ad0bc88d58;nearest;0.11;0.9;000;0E;0025
94016_6120_00079;94016_6120;79;;Rue Marcel Bonnet;94230;94016;Cachan;;;650346.29;6855312.47;2.324055;48.795981;entrée;;;CACHAN;RUE MARCEL BONNET;inconnue;inconnue;0;940160000E0274;7b8344f2-df6a-4446-bb7d-0168bdee74e7;79a5ada4-f70d-4096-bf33-17225ec2caf9;e1ce01e3-3ad8-4ae8-b38b-91ad0bc88d58;within;0.0;1.0;000;0E;0274
94016_6120_00081;94016_6120;81;;Rue Marcel Bonnet;94230;94016;Cachan;;;650337.42;6855314.66;2.323934;48.796;entrée;;;CACHAN;RUE MARCEL BONNET;inconnue;inconnue;0;940160000E0270;7518abb3-6dbb-40c6-b6f0-3597c050682d;79a5ada4-f70d-4096-bf33-17225ec2caf9;e1ce01e3-3ad8-4ae8-b38b-91ad0bc88d58;within;0.0;1.0;000;0E;0270
94016_6120_00083;94016_6120;83;;Rue Marcel Bonnet;94230;94016;Cachan;;;650315.22;6855320.74;2.323631;48.796053;entrée;;;CACHAN;RUE MARCEL BONNET;inconnue;inconnue;0;940160000E0006;b742f9fc-916d-4f50-8161-e0053292e867;79a5ada4-f70d-4096-bf33-17225ec2caf9;e1ce01e3-3ad8-4ae8-b38b-91ad0bc88d58;nearest;0.14;0.9;000;0E;0006
94016_6120_00084;94016_6120;84;;Rue Marcel Bonnet;94230;94016;Cachan;;;650305.61;6855331.5;2.323499;48.796149;entrée;;;CACHAN;RUE MARCEL BONNET;inconnue;inconnue;0;940160000D0167;18a66a90-edbc-42c9-80e4-788a528ca8d3;79a5ada4-f70d-4096-bf33-17225ec2caf9;e1ce01e3-3ad8-4ae8-b38b-91ad0bc88d58;nearest;1.2;0.9;000;0D;0167
94016_6120_00085;94016_6120;85;;Rue Marcel Bonnet;94230;94016;Cachan;;;650301.72;6855323.08;2.323447;48.796073;entrée;;;CACHAN;RUE MARCEL BONNET;inconnue;inconnue;0;940160000E0005;4754be4d-643a-4bd8-8787-1837fbce275f;79a5ada4-f70d-4096-bf33-17225ec2caf9;e1ce01e3-3ad8-4ae8-b38b-91ad0bc88d58;nearest;0.03;0.9;000;0E;0005
94016_6120_00086;94016_6120;86;;Rue Marcel Bonnet;94230;94016;Cachan;;;650296.22;6855333.25;2.323371;48.796164;entrée;;;CACHAN;RUE MARCEL BONNET;inconnue;inconnue;0;940160000D0074;e717d5d6-37c3-45b3-a24a-74fd93db93ed;79a5ada4-f70d-4096-bf33-17225ec2caf9;e1ce01e3-3ad8-4ae8-b38b-91ad0bc88d58;nearest;1.1;0.9;000;0D;0074
94016_6120_00087;94016_6120;87;;Rue Marcel Bonnet;94230;94016;Cachan;;;650290.12;6855324.4;2.323289;48.796084;entrée;;;CACHAN;RUE MARCEL BONNET;inconnue;inconnue;0;940160000E0004;e31bf402-4146-4c9c-ac6d-405cad8f5f65;79a5ada4-f70d-4096-bf33-17225ec2caf9;e1ce01e3-3ad8-4ae8-b38b-91ad0bc88d58;nearest;0.09;0.9;000;0E;0004
94016_6120_00088;94016_6120;88;;Rue Marcel Bonnet;94230;94016;Cachan;;;650277.28;6855334.85;2.323113;48.796177;entrée;;;CACHAN;RUE MARCEL BONNET;inconnue;inconnue;0;940160000D0073;cc24bff3-59f3-40e5-8469-171879270bf2;79a5ada4-f70d-4096-bf33-17225ec2caf9;e1ce01e3-3ad8-4ae8-b38b-91ad0bc88d58;nearest;1.12;0.9;000;0D;0073
94016_6120_00089;94016_6120;89;;Rue Marcel Bonnet;94230;94016;Cachan;;;650278.01;6855325.73;2.323124;48.796095;entrée;;;CACHAN;RUE MARCEL BONNET;inconnue;inconnue;0;940160000E0003;0dea8a84-5feb-4f1b-a53f-233bbdbf466d;79a5ada4-f70d-4096-bf33-17225ec2caf9;e1ce01e3-3ad8-4ae8-b38b-91ad0bc88d58;nearest;0.11;0.9;000;0E;0003
94016_6120_00090;94016_6120;90;;Rue Marcel Bonnet;94230;94016;Cachan;;;650264.3;6855336.85;2.322936;48.796194;segment;;;CACHAN;RUE MARCEL BONNET;inconnue;inconnue;0;940160000D0071;c08e1b93-9953-42a7-8844-277b9b1f9a50;79a5ada4-f70d-4096-bf33-17225ec2caf9;e1ce01e3-3ad8-4ae8-b38b-91ad0bc88d58;nearest;0.62;0.9;000;0D;0071
94016_6120_00091;94016_6120;91;;Rue Marcel Bonnet;94230;94016;Cachan;;;650265.54;6855326.95;2.322954;48.796105;entrée;;;CACHAN;RUE MARCEL BONNET;inconnue;inconnue;0;940160000E0002;7fb45749-4cec-42e4-9086-04c8800c3590;79a5ada4-f70d-4096-bf33-17225ec2caf9;e1ce01e3-3ad8-4ae8-b38b-91ad0bc88d58;within;0.0;1.0;000;0E;0002
94016_6120_00092;94016_6120;92;;Rue Marcel Bonnet;94230;94016;Cachan;;;650251.83;6855339.52;2.322766;48.796217;entrée;;;CACHAN;RUE MARCEL BONNET;inconnue;inconnue;0;940160000D0070;e06e7660-78da-4bdd-848f-cb607c5c6588;79a5ada4-f70d-4096-bf33-17225ec2caf9;e1ce01e3-3ad8-4ae8-b38b-91ad0bc88d58;nearest;1.15;0.9;000;0D;0070
94016_6120_00093;94016_6120;93;;Rue Marcel Bonnet;94230;94016;Cachan;;;650255.33;6855328.15;2.322815;48.796115;entrée;;;CACHAN;RUE MARCEL BONNET;inconnue;inconnue;0;940160000E0256;e66354db-5d38-4d5b-a113-0c2f5915c837;79a5ada4-f70d-4096-bf33-17225ec2caf9;e1ce01e3-3ad8-4ae8-b38b-91ad0bc88d58;nearest;0.05;0.9;000;0E;0256
94016_6120_00094;94016_6120;94;;Rue Marcel Bonnet;94230;94016;Cachan;;;650242.44;6855340.38;2.322638;48.796224;entrée;;;CACHAN;RUE MARCEL BONNET;inconnue;inconnue;0;940160000D0068;8467f45c-9725-40bf-9893-0d567bea82ea;79a5ada4-f70d-4096-bf33-17225ec2caf9;e1ce01e3-3ad8-4ae8-b38b-91ad0bc88d58;nearest;1.18;0.9;000;0D;0068
94016_6120_00095;94016_6120;95;;Rue Marcel Bonnet;94230;94016;Cachan;;;650215.92;6855332.6;2.322278;48.796152;entrée;;;CACHAN;RUE MARCEL BONNET;inconnue;inconnue;0;940160000E0272;bc4d8902-e325-4877-8859-11c30e6ffe0f;79a5ada4-f70d-4096-bf33-17225ec2caf9;e1ce01e3-3ad8-4ae8-b38b-91ad0bc88d58;nearest;0.06;0.9;000;0E;0272
94016_6120_00096;94016_6120;96;;Rue Marcel Bonnet;94230;94016;Cachan;;;650226.36;6855341.85;2.322419;48.796236;entrée;;;CACHAN;RUE MARCEL BONNET;inconnue;inconnue;0;940160000D0065;e2fa9cf7-aaec-4b42-9867-f92ec6e02743;79a5ada4-f70d-4096-bf33-17225ec2caf9;e1ce01e3-3ad8-4ae8-b38b-91ad0bc88d58;nearest;1.26;0.9;000;0D;0065
94016_6120_00098;94016_6120;98;;Rue Marcel Bonnet;94230;94016;Cachan;;;650200.51;6855342.85;2.322067;48.796243;segment;;;CACHAN;RUE MARCEL BONNET;inconnue;inconnue;0;940160000D0064;a4b3b7a2-ccfc-422f-bf26-34f477723ce1;79a5ada4-f70d-4096-bf33-17225ec2caf9;e1ce01e3-3ad8-4ae8-b38b-91ad0bc88d58;nearest;5.14;0.75;000;0D;0064
94016_6120_00077_bis;94016_6120;77;bis;Rue Marcel Bonnet;94230;94016;Cachan;;;650320.22;6855278.56;2.323704;48.795674;entrée;;;CACHAN;RUE MARCEL BONNET;inconnue;inconnue;0;940160000E0270;21bfb899-2364-4ffc-8301-53d9e273508b;79a5ada4-f70d-4096-bf33-17225ec2caf9;e1ce01e3-3ad8-4ae8-b38b-91ad0bc88d58;within;0.0;1.0;000;0E;0270
94016_6120_00081_ter;94016_6120;81;ter;Rue Marcel Bonnet;94230;94016;Cachan;;;650326.79;6855317.53;2.323789;48.796025;entrée;;;CACHAN;RUE MARCEL BONNET;inconnue;inconnue;0;940160000E0242;0fc2c280-b02d-4bab-869b-acdafe80d4af;79a5ada4-f70d-4096-bf33-17225ec2caf9;e1ce01e3-3ad8-4ae8-b38b-91ad0bc88d58;nearest;0.25;0.9;000;0E;0242
94016_6120_00077_ter;94016_6120;77;ter;Rue Marcel Bonnet;94230;94016;Cachan;;;650380.19;6855308.06;2.324517;48.795944;segment;;;CACHAN;RUE MARCEL BONNET;inconnue;inconnue;0;940160000E0025;0bc550c7-d81f-43e6-a007-36f53a4d0f9a;79a5ada4-f70d-4096-bf33-17225ec2caf9;e1ce01e3-3ad8-4ae8-b38b-91ad0bc88d58;nearest;5.97;0.75;000;0E;0025
94016_6120_00096_bis;94016_6120;96;bis;Rue Marcel Bonnet;94230;94016;Cachan;;;650226.29;6855341.85;2.322418;48.796236;entrée;;;CACHAN;RUE MARCEL BONNET;inconnue;inconnue;0;940160000D0065;18ac9a33-c426-4424-818b-919ee675ad8b;79a5ada4-f70d-4096-bf33-17225ec2caf9;e1ce01e3-3ad8-4ae8-b38b-91ad0bc88d58;nearest;1.26;0.9;000;0D;0065
94016_6120_00081_bis;94016_6120;81;bis;Rue Marcel Bonnet;94230;94016;Cachan;;;650331.26;6855316.16;2.32385;48.796013;entrée;;;CACHAN;RUE MARCEL BONNET;inconnue;inconnue;0;940160000E0270;9c4fa82a-7306-4dd3-9053-f30653ae5533;79a5ada4-f70d-4096-bf33-17225ec2caf9;e1ce01e3-3ad8-4ae8-b38b-91ad0bc88d58;within;0.0;1.0;000;0E;0270
94016_3276_00002;94016_3276;2;;Avenue de l'Europe;94230;94016;Cachan;;;650693.03;6854265.97;2.328896;48.786596;entrée;;;CACHAN;AVENUE DE L EUROPE;inconnue;inconnue;0;940160000L0068;7c70166f-2c41-4a0e-a73f-eb2f4665852e;31c2c882-e037-4dcd-9a76-b8e237648332;e1ce01e3-3ad8-4ae8-b38b-91ad0bc88d58;nearest;1.33;0.9;000;0L;0068
94016_3276_00003;94016_3276;3;;Avenue de l'Europe;94230;94016;Cachan;;;650674.03;6854200.97;2.328645;48.78601;;;;CACHAN;AVENUE DE L EUROPE;arcep;inconnue;0;940160000L0074;6caeff0e-9efe-4b52-aa93-f76fe771c0d2;31c2c882-e037-4dcd-9a76-b8e237648332;e1ce01e3-3ad8-4ae8-b38b-91ad0bc88d58;within;0.0;1.0;000;0L;0074
94016_3276_00004;94016_3276;4;;Avenue de l'Europe;94230;94016;Cachan;;;650606.95;6854219;2.32773;48.786167;segment;;;CACHAN;AVENUE DE L EUROPE;inconnue;inconnue;0;940160000L0068;96f13b19-ab1d-424a-b5fb-8471bd3903f6;31c2c882-e037-4dcd-9a76-b8e237648332;e1ce01e3-3ad8-4ae8-b38b-91ad0bc88d58;nearest;3.75;0.9;000;0L;0068
94016_3276_00006;94016_3276;6;;Avenue de l'Europe;94230;94016;Cachan;;;650618.67;6854222.68;2.327889;48.786201;segment;;;CACHAN;AVENUE DE L EUROPE;inconnue;inconnue;0;940160000L0068;7ea9856a-096d-4bed-9449-bb437d034cab;31c2c882-e037-4dcd-9a76-b8e237648332;e1ce01e3-3ad8-4ae8-b38b-91ad0bc88d58;nearest;3.61;0.9;000;0L;0068
94016_3276_00009;94016_3276;9;;Avenue de l'Europe;94230;94016;Cachan;;;650664.43;6854229.3;2.328511;48.786264;entrée;;;CACHAN;AVENUE DE L EUROPE;inconnue;inconnue;0;940160000L0074;eb531db9-2c63-40dc-b4d9-2d1efc5bb5d0;31c2c882-e037-4dcd-9a76-b8e237648332;e1ce01e3-3ad8-4ae8-b38b-91ad0bc88d58;within;0.0;1.0;000;0L;0074
94016_3276_00011;94016_3276;11;;Avenue de l'Europe;94230;94016;Cachan;;;650643.5;6854222.25;2.328227;48.786199;entrée;;;CACHAN;AVENUE DE L EUROPE;inconnue;inconnue;0;940160000L0074;3dc6f10a-cb64-486c-8882-b099b485153e;31c2c882-e037-4dcd-9a76-b8e237648332;e1ce01e3-3ad8-4ae8-b38b-91ad0bc88d58;nearest;3.01;0.9;000;0L;0074
94016_3276_00015;94016_3276;15;;Avenue de l'Europe;94230;94016;Cachan;;;650608.86;6854210.2;2.327757;48.786088;entrée;;;CACHAN;AVENUE DE L EUROPE;inconnue;inconnue;0;940160000L0073;d2d5ac4d-5c70-4d15-b169-20687f6a3a34;31c2c882-e037-4dcd-9a76-b8e237648332;e1ce01e3-3ad8-4ae8-b38b-91ad0bc88d58;nearest;3.09;0.9;000;0L;0073
94016_3276_00017;94016_3276;17;;Avenue de l'Europe;94230;94016;Cachan;;;650597.23;6854207.18;2.327599;48.78606;entrée;;;CACHAN;AVENUE DE L EUROPE;inconnue;inconnue;0;940160000L0073;83732d48-39ac-4b3b-abf3-b78312b1f099;31c2c882-e037-4dcd-9a76-b8e237648332;e1ce01e3-3ad8-4ae8-b38b-91ad0bc88d58;nearest;2.89;0.9;000;0L;0073
94016_3276_00023;94016_3276;23;;Avenue de l'Europe;94230;94016;Cachan;;;650497.04;6854193.47;2.326237;48.785929;;;;CACHAN;AVENUE DE L EUROPE;arcep;inconnue;0;940160000L0067;fa1d67d9-1457-4a7d-b6cf-12a92623de1a;31c2c882-e037-4dcd-9a76-b8e237648332;e1ce01e3-3ad8-4ae8-b38b-91ad0bc88d58;within;0.0;1.0;000;0L;0067
94016_3276_00025;94016_3276;25;;Avenue de l'Europe;94230;94016;Cachan;;;650518.45;6854084.88;2.326541;48.784954;entrée;;;CACHAN;AVENUE DE L EUROPE;inconnue;inconnue;0;940160000L0067;df1340ed-4e9f-4960-b71c-db028068e04f;31c2c882-e037-4dcd-9a76-b8e237648332;e1ce01e3-3ad8-4ae8-b38b-91ad0bc88d58;within;0.0;1.0;000;0L;0067
94016_3276_00027;94016_3276;27;;Avenue de l'Europe;94230;94016;Cachan;;;650485.32;6854206.25;2.326076;48.786043;entrée;;;CACHAN;AVENUE DE L EUROPE;inconnue;inconnue;0;940160000K0020;22f184aa-006b-4403-9b75-dd9b20d42177;31c2c882-e037-4dcd-9a76-b8e237648332;e1ce01e3-3ad8-4ae8-b38b-91ad0bc88d58;nearest;0.4;0.9;000;0K;0020
94016_3276_00029;94016_3276;29;;Avenue de l'Europe;94230;94016;Cachan;;;650474.61;6854209.01;2.32593;48.786067;entrée;;;CACHAN;AVENUE DE L EUROPE;inconnue;inconnue;0;940160000K0022;188607c5-3e10-4ba3-b15b-a99cc987f710;31c2c882-e037-4dcd-9a76-b8e237648332;e1ce01e3-3ad8-4ae8-b38b-91ad0bc88d58;nearest;0.26;0.9;000;0K;0022
94016_3276_00031;94016_3276;31;;Avenue de l'Europe;94230;94016;Cachan;;;650463.69;6854212.1;2.325781;48.786094;entrée;;;CACHAN;AVENUE DE L EUROPE;inconnue;inconnue;0;940160000K0024;5be8c4e4-3c8a-458c-941d-03076b58c53a;31c2c882-e037-4dcd-9a76-b8e237648332;e1ce01e3-3ad8-4ae8-b38b-91ad0bc88d58;nearest;0.26;0.9;000;0K;0024
94016_3276_00033;94016_3276;33;;Avenue de l'Europe;94230;94016;Cachan;;;650434.68;6854222.14;2.325385;48.786182;entrée;;;CACHAN;AVENUE DE L EUROPE;inconnue;inconnue;0;940160000K0026;a5a4d3f6-1009-47cd-848b-2ad6c887f28f;31c2c882-e037-4dcd-9a76-b8e237648332;e1ce01e3-3ad8-4ae8-b38b-91ad0bc88d58;nearest;0.3;0.9;000;0K;0026
94016_3276_00035;94016_3276;35;;Avenue de l'Europe;94230;94016;Cachan;;;650423.4;6854226.12;2.325231;48.786217;entrée;;;CACHAN;AVENUE DE L EUROPE;inconnue;inconnue;0;940160000K0028;61bdd8e0-24a5-4565-84e1-fe33c22ab6ba;31c2c882-e037-4dcd-9a76-b8e237648332;e1ce01e3-3ad8-4ae8-b38b-91ad0bc88d58;nearest;0.27;0.9;000;0K;0028
94016_3276_00037;94016_3276;37;;Avenue de l'Europe;94230;94016;Cachan;;;650415.67;6854224.52;2.325126;48.786202;entrée;;;CACHAN;AVENUE DE L EUROPE;inconnue;inconnue;0;940160000K0030;6c168c3e-ba4e-4d43-b889-87f4b7485ba1;31c2c882-e037-4dcd-9a76-b8e237648332;e1ce01e3-3ad8-4ae8-b38b-91ad0bc88d58;within;0.0;1.0;000;0K;0030
94016_4125_00001;94016_4125;1;;Rue de la Gare;94230;94016;Cachan;;;650606.4;6855568.99;2.327566;48.798308;segment;;;CACHAN;RUE DE LA GARE;inconnue;inconnue;0;940160000A0142;900365cc-6922-4e3b-b62a-3cefc4d3ef3c;24d842c3-0d9f-470a-bb2a-d3b56b26fdc1;e1ce01e3-3ad8-4ae8-b38b-91ad0bc88d58;nearest;8.37;0.75;000;0A;0142
94016_4125_00003;94016_4125;3;;Rue de la Gare;94230;94016;Cachan;;;650620.67;6855596.56;2.327757;48.798557;entrée;;;CACHAN;RUE DE LA GARE;inconnue;inconnue;0;940160000A0141;f2a99187-22d3-4850-b8b7-562ec15c8470;24d842c3-0d9f-470a-bb2a-d3b56b26fdc1;e1ce01e3-3ad8-4ae8-b38b-91ad0bc88d58;nearest;1.05;0.9;000;0A;0141
94016_4125_00005;94016_4125;5;;Rue de la Gare;94230;94016;Cachan;;;650623.5;6855610.55;2.327794;48.798683;entrée;;;CACHAN;RUE DE LA GARE;inconnue;inconnue;0;940160000A0140;9de56e9c-dcbf-415c-a6d1-7b59f3c1c9b0;24d842c3-0d9f-470a-bb2a-d3b56b26fdc1;e1ce01e3-3ad8-4ae8-b38b-91ad0bc88d58;nearest;0.83;0.9;000;0A;0140
94016_4125_00007;94016_4125;7;;Rue de la Gare;94230;94016;Cachan;;;650626.93;6855624.53;2.327839;48.798809;entrée;;;CACHAN;RUE DE LA GARE;inconnue;inconnue;0;940160000A0139;87f72a06-534f-44fe-8845-418498117a84;24d842c3-0d9f-470a-bb2a-d3b56b26fdc1;e1ce01e3-3ad8-4ae8-b38b-91ad0bc88d58;nearest;1.49;0.9;000;0A;0139
94016_4125_00009;94016_4125;9;;Rue de la Gare;94230;94016;Cachan;;;650629.72;6855641.85;2.327875;48.798965;entrée;;;CACHAN;RUE DE LA GARE;inconnue;inconnue;0;940160000A0138;c3a46952-47ec-4cf5-97e4-06ce0cbe14c8;24d842c3-0d9f-470a-bb2a-d3b56b26fdc1;e1ce01e3-3ad8-4ae8-b38b-91ad0bc88d58;nearest;0.23;0.9;000;0A;0138
94016_4125_00011;94016_4125;11;;Rue de la Gare;94230;94016;Cachan;;;650630.6;6855650.4;2.327886;48.799042;segment;;;CACHAN;RUE DE LA GARE;inconnue;inconnue;0;940160000A0138;04b69986-d388-450f-bda8-6eb485562946;24d842c3-0d9f-470a-bb2a-d3b56b26fdc1;e1ce01e3-3ad8-4ae8-b38b-91ad0bc88d58;within;0.0;1.0;000;0A;0138
94016_4125_00013;94016_4125;13;;Rue de la Gare;94230;94016;Cachan;;;650635.39;6855686.95;2.327947;48.799371;entrée;;;CACHAN;RUE DE LA GARE;inconnue;inconnue;0;940160000A0135;45a0b6aa-283e-4989-8740-83526f76a77f;24d842c3-0d9f-470a-bb2a-d3b56b26fdc1;e1ce01e3-3ad8-4ae8-b38b-91ad0bc88d58;nearest;1.33;0.9;000;0A;0135
94016_4125_00015;94016_4125;15;;Rue de la Gare;94230;94016;Cachan;;;650637.62;6855706.61;2.327975;48.799548;entrée;;;CACHAN;RUE DE LA GARE;inconnue;inconnue;0;940160000A0134;73a7560e-03f9-462c-b531-43fc82035047;24d842c3-0d9f-470a-bb2a-d3b56b26fdc1;e1ce01e3-3ad8-4ae8-b38b-91ad0bc88d58;nearest;1.44;0.9;000;0A;0134
94016_4125_00017;94016_4125;17;;Rue de la Gare;94230;94016;Cachan;;;650638.1;6855737.74;2.327978;48.799828;entrée;;;CACHAN;RUE DE LA GARE;inconnue;inconnue;0;940160000A0133;b9d1bbbc-167c-42ca-8813-ccfb6d886dbb;24d842c3-0d9f-470a-bb2a-d3b56b26fdc1;e1ce01e3-3ad8-4ae8-b38b-91ad0bc88d58;nearest;0.89;0.9;000;0A;0133
94016_4125_00019;94016_4125;19;;Rue de la Gare;94230;94016;Cachan;;;650623.69;6855761.32;2.327779;48.800039;entrée;;;CACHAN;RUE DE LA GARE;inconnue;inconnue;0;940160000A0126;a700e9b6-8f92-4d5c-a1af-acc595dff5bd;24d842c3-0d9f-470a-bb2a-d3b56b26fdc1;e1ce01e3-3ad8-4ae8-b38b-91ad0bc88d58;nearest;0.19;0.9;000;0A;0126
94016_4125_00023;94016_4125;23;;Rue de la Gare;94230;94016;Cachan;;;650609.37;6855780.12;2.327582;48.800207;entrée;;;CACHAN;RUE DE LA GARE;inconnue;inconnue;0;940160000A0126;220d75aa-6e29-4b09-9b7e-7e3b514cef9f;24d842c3-0d9f-470a-bb2a-d3b56b26fdc1;e1ce01e3-3ad8-4ae8-b38b-91ad0bc88d58;within;0.0;1.0;000;0A;0126
94016_4125_00025;94016_4125;25;;Rue de la Gare;94230;94016;Cachan;;;650588.35;6855777.97;2.327296;48.800186;;;;CACHAN;RUE DE LA GARE;arcep;inconnue;0;940160000A0125;8f3ea8d2-99c6-47fa-a20f-3d36743e7e15;24d842c3-0d9f-470a-bb2a-d3b56b26fdc1;e1ce01e3-3ad8-4ae8-b38b-91ad0bc88d58;within;0.0;1.0;000;0A;0125
94016_4125_00027;94016_4125;27;;Rue de la Gare;94230;94016;Cachan;;;650588.72;6855803.98;2.327298;48.80042;entrée;;;CACHAN;RUE DE LA GARE;inconnue;inconnue;0;940160000A0124;db74a216-a08a-4ecb-bc9d-7806b4a65a16;24d842c3-0d9f-470a-bb2a-d3b56b26fdc1;e1ce01e3-3ad8-4ae8-b38b-91ad0bc88d58;nearest;0.09;0.9;000;0A;0124
94016_4125_00031;94016_4125;31;;Rue de la Gare;94230;94016;Cachan;;;650560.98;6855816.34;2.326919;48.800529;entrée;;;CACHAN;RUE DE LA GARE;inconnue;inconnue;0;940160000A0172;0e1160af-ed28-4bbc-bf28-c8f718982ba6;24d842c3-0d9f-470a-bb2a-d3b56b26fdc1;e1ce01e3-3ad8-4ae8-b38b-91ad0bc88d58;nearest;0.19;0.9;000;0A;0172
94016_4125_00035;94016_4125;35;;Rue de la Gare;94230;94016;Cachan;;;650534.27;6855828.36;2.326554;48.800635;entrée;;;CACHAN;RUE DE LA GARE;inconnue;inconnue;0;940160000A0044;3622bbec-7a40-4e9b-ae77-f93bbdd262aa;24d842c3-0d9f-470a-bb2a-d3b56b26fdc1;e1ce01e3-3ad8-4ae8-b38b-91ad0bc88d58;nearest;0.15;0.9;000;0A;0044
94016_4125_00037;94016_4125;37;;Rue de la Gare;94230;94016;Cachan;;;650526.22;6855831.87;2.326444;48.800666;entrée;;;CACHAN;RUE DE LA GARE;inconnue;inconnue;0;940160000A0043;c39f19ed-21cf-44cb-a58c-5a240584518b;24d842c3-0d9f-470a-bb2a-d3b56b26fdc1;e1ce01e3-3ad8-4ae8-b38b-91ad0bc88d58;nearest;0.12;0.9;000;0A;0043
94016_4125_00039;94016_4125;39;;Rue de la Gare;94230;94016;Cachan;;;650518.83;6855835.16;2.326343;48.800695;entrée;;;CACHAN;RUE DE LA GARE;inconnue;inconnue;0;940160000A0042;a83d002a-a8ca-437b-9a9d-a97ee3a2b15f;24d842c3-0d9f-470a-bb2a-d3b56b26fdc1;e1ce01e3-3ad8-4ae8-b38b-91ad0bc88d58;nearest;0.15;0.9;000;0A;0042
94016_4125_00041;94016_4125;41;;Rue de la Gare;94230;94016;Cachan;;;650511;6855838.67;2.326236;48.800726;entrée;;;CACHAN;RUE DE LA GARE;inconnue;inconnue;0;940160000A0041;ee4c2e7a-0d5e-4b78-96f2-52d80f255fc0;24d842c3-0d9f-470a-bb2a-d3b56b26fdc1;e1ce01e3-3ad8-4ae8-b38b-91ad0bc88d58;nearest;0.2;0.9;000;0A;0041
94016_4125_00043;94016_4125;43;;Rue de la Gare;94230;94016;Cachan;;;650497.9;6855844.46;2.326057;48.800777;entrée;;;CACHAN;RUE DE LA GARE;inconnue;inconnue;0;940160000A0040;1fcca077-9749-4b2c-8867-a8fdfb9f78ca;24d842c3-0d9f-470a-bb2a-d3b56b26fdc1;e1ce01e3-3ad8-4ae8-b38b-91ad0bc88d58;nearest;0.18;0.9;000;0A;0040
94016_4125_00045;94016_4125;45;;Rue de la Gare;94230;94016;Cachan;;;650487.89;6855850.55;2.32592;48.800831;entrée;;;CACHAN;RUE DE LA GARE;inconnue;inconnue;0;940160000A0033;bfb48733-6a75-4d96-b1d2-85cfb67e15ee;24d842c3-0d9f-470a-bb2a-d3b56b26fdc1;e1ce01e3-3ad8-4ae8-b38b-91ad0bc88d58;nearest;1.77;0.9;000;0A;0033
94016_4125_00047;94016_4125;47;;Rue de la Gare;94230;94016;Cachan;;;650468.78;6855857.38;2.325659;48.800891;entrée;;;CACHAN;RUE DE LA GARE;inconnue;inconnue;0;940160000A0032;1c6d95ee-e4e9-4320-abbc-f410a4b9332f;24d842c3-0d9f-470a-bb2a-d3b56b26fdc1;e1ce01e3-3ad8-4ae8-b38b-91ad0bc88d58;nearest;0.19;0.9;000;0A;0032
94016_4125_00049;94016_4125;49;;Rue de la Gare;94230;94016;Cachan;;;650457.52;6855863.93;2.325505;48.800949;segment;;;CACHAN;RUE DE LA GARE;inconnue;inconnue;0;940160000A0025;7c867faa-795e-4d59-9894-02e52e549811;24d842c3-0d9f-470a-bb2a-d3b56b26fdc1;e1ce01e3-3ad8-4ae8-b38b-91ad0bc88d58;nearest;1.7;0.9;000;0A;0025
94016_4125_00051;94016_4125;51;;Rue de la Gare;94230;94016;Cachan;;;650441.2;6855870.96;2.325282;48.801011;segment;;;CACHAN;RUE DE LA GARE;inconnue;inconnue;0;940160000A0024;e309ac71-94fd-48b5-9f7f-b986cb141e95;24d842c3-0d9f-470a-bb2a-d3b56b26fdc1;e1ce01e3-3ad8-4ae8-b38b-91ad0bc88d58;nearest;1.49;0.9;000;0A;0024
94016_4125_00053;94016_4125;53;;Rue de la Gare;94230;94016;Cachan;;;650423.28;6855879.79;2.325037;48.801089;segment;;;CACHAN;RUE DE LA GARE;inconnue;inconnue;0;940160000A0017;0b26f735-fb94-4b95-8dfa-7498463eed51;24d842c3-0d9f-470a-bb2a-d3b56b26fdc1;e1ce01e3-3ad8-4ae8-b38b-91ad0bc88d58;nearest;1.73;0.9;000;0A;0017
94016_4125_00055;94016_4125;55;;Rue de la Gare;94230;94016;Cachan;;;650413.47;6855883.87;2.324903;48.801125;entrée;;;CACHAN;RUE DE LA GARE;inconnue;inconnue;0;940160000A0016;1842289d-73d0-4c69-8022-816c25311be5;24d842c3-0d9f-470a-bb2a-d3b56b26fdc1;e1ce01e3-3ad8-4ae8-b38b-91ad0bc88d58;nearest;0.05;0.9;000;0A;0016
94016_4125_00057;94016_4125;57;;Rue de la Gare;94230;94016;Cachan;;;650402.38;6855891.97;2.324751;48.801197;entrée;;;CACHAN;RUE DE LA GARE;inconnue;inconnue;0;940160000A0009;067d7511-af3d-4580-8fc3-88ab0cf19331;24d842c3-0d9f-470a-bb2a-d3b56b26fdc1;e1ce01e3-3ad8-4ae8-b38b-91ad0bc88d58;nearest;1.37;0.9;000;0A;0009
94016_4125_00059;94016_4125;59;;Rue de la Gare;94230;94016;Cachan;;;650384.97;6855901.13;2.324513;48.801278;entrée;;;CACHAN;RUE DE LA GARE;inconnue;inconnue;0;940160000A0008;3f8ea2ed-4985-4dfb-b360-0a1750468bd5;24d842c3-0d9f-470a-bb2a-d3b56b26fdc1;e1ce01e3-3ad8-4ae8-b38b-91ad0bc88d58;nearest;0.11;0.9;000;0A;0008
94016_4125_00061;94016_4125;61;;Rue de la Gare;94230;94016;Cachan;;;650381.19;6855905.05;2.324461;48.801313;segment;;;CACHAN;RUE DE LA GARE;inconnue;inconnue;0;940160000A0008;6e1405ff-d4a3-4fbc-91b2-8be0888c65d1;24d842c3-0d9f-470a-bb2a-d3b56b26fdc1;e1ce01e3-3ad8-4ae8-b38b-91ad0bc88d58;nearest;1.63;0.9;000;0A;0008
94016_4125_00069;94016_4125;69;;Rue de la Gare;94230;94016;Cachan;;;650366.79;6855913.85;2.324264;48.801391;segment;;;CACHAN;RUE DE LA GARE;inconnue;inconnue;0;940160000A0001;9412c8bd-3497-4a26-99aa-8c564191931d;24d842c3-0d9f-470a-bb2a-d3b56b26fdc1;e1ce01e3-3ad8-4ae8-b38b-91ad0bc88d58;nearest;1.71;0.9;000;0A;0001
94016_4125_00017_bis;94016_4125;17;bis;Rue de la Gare;94230;94016;Cachan;;;650630.73;6855751.59;2.327876;48.799952;entrée;;;CACHAN;RUE DE LA GARE;inconnue;inconnue;0;940160000A0132;668f4303-b72e-464e-8079-c5385fd2db86;24d842c3-0d9f-470a-bb2a-d3b56b26fdc1;e1ce01e3-3ad8-4ae8-b38b-91ad0bc88d58;nearest;0.63;0.9;000;0A;0132
94016_4125_00015_bis;94016_4125;15;bis;Rue de la Gare;94230;94016;Cachan;;;650639.49;6855720.05;2.327999;48.799669;entrée;;;CACHAN;RUE DE LA GARE;inconnue;inconnue;0;940160000A0134;30dcf6e0-be90-44ed-aaf5-b24556a81954;24d842c3-0d9f-470a-bb2a-d3b56b26fdc1;e1ce01e3-3ad8-4ae8-b38b-91ad0bc88d58;nearest;2.02;0.9;000;0A;0134
94016_4125_00059_bis;94016_4125;59;bis;Rue de la Gare;94230;94016;Cachan;;;650390.98;6855898.85;2.324595;48.801258;segment;;;CACHAN;RUE DE LA GARE;inconnue;inconnue;0;940160000A0008;e3e245ee-0356-4af0-9f8b-0d77a58e28d2;24d842c3-0d9f-470a-bb2a-d3b56b26fdc1;e1ce01e3-3ad8-4ae8-b38b-91ad0bc88d58;nearest;1.36;0.9;000;0A;0008
94016_7147_00001;94016_7147;1;;Allée Pierre de Montreuil;94230;94016;Cachan;;;650888.39;6854239.07;2.331558;48.786369;entrée;;;CACHAN;ALLEE PIERRE DE MONTREUIL;inconnue;inconnue;0;940160000N0085;254a5dd4-64ab-4030-9e5d-18083b3412b8;48da0ccc-16f9-4e59-adae-d3c70935b4e5;e1ce01e3-3ad8-4ae8-b38b-91ad0bc88d58;within;0.0;1.0;000;0N;0085
94016_7147_00002;94016_7147;2;;Allée Pierre de Montreuil;94230;94016;Cachan;;;650841.77;6854313.07;2.330915;48.787031;segment;;;CACHAN;ALLEE PIERRE DE MONTREUIL;inconnue;inconnue;0;940160000N0096;686ad6d6-5311-4e68-930b-9a270d8811f4;48da0ccc-16f9-4e59-adae-d3c70935b4e5;e1ce01e3-3ad8-4ae8-b38b-91ad0bc88d58;within;0.0;1.0;000;0N;0096
94016_7147_00004;94016_7147;4;;Allée Pierre de Montreuil;94230;94016;Cachan;;;650865.18;6854223.26;2.331244;48.786225;entrée;;;CACHAN;ALLEE PIERRE DE MONTREUIL;inconnue;inconnue;0;940160000N0096;88e78b30-b298-474b-9ac1-299f1e01843b;48da0ccc-16f9-4e59-adae-d3c70935b4e5;e1ce01e3-3ad8-4ae8-b38b-91ad0bc88d58;within;0.0;1.0;000;0N;0096
94016_7147_00006;94016_7147;6;;Allée Pierre de Montreuil;94230;94016;Cachan;;;650841.77;6854313.07;2.330915;48.787031;segment;;;CACHAN;ALLEE PIERRE DE MONTREUIL;inconnue;inconnue;0;940160000N0096;9f456a53-cb81-430f-99a8-ebc6b8f35e27;48da0ccc-16f9-4e59-adae-d3c70935b4e5;e1ce01e3-3ad8-4ae8-b38b-91ad0bc88d58;within;0.0;1.0;000;0N;0096
94016_7147_00008;94016_7147;8;;Allée Pierre de Montreuil;94230;94016;Cachan;;;650896.93;6854223.76;2.331676;48.786232;entrée;;;CACHAN;ALLEE PIERRE DE MONTREUIL;inconnue;inconnue;0;940160000N0096;1220f465-0220-4360-8f2f-81d21560f66d;48da0ccc-16f9-4e59-adae-d3c70935b4e5;e1ce01e3-3ad8-4ae8-b38b-91ad0bc88d58;within;0.0;1.0;000;0N;0096
94016_8110_00002;94016_8110;2;;Rue Raspail;94230;94016;Cachan;;;651069.81;6855233.49;2.333913;48.795326;entrée;;;CACHAN;RUE RASPAIL;inconnue;inconnue;0;940160000R0074;b290d75d-c6f3-498a-a861-c7875d9392f5;ef16ff9e-de3d-4bc0-9bec-39498968ad1c;e1ce01e3-3ad8-4ae8-b38b-91ad0bc88d58;nearest;2.38;0.9;000;0R;0074
94016_8110_00003;94016_8110;3;;Rue Raspail;94230;94016;Cachan;;;651063.87;6855225.75;2.333833;48.795256;entrée;;;CACHAN;RUE RASPAIL;inconnue;inconnue;0;940160000R0163;a87f25f7-bbe8-4e5e-a67b-13b43f90a43f;ef16ff9e-de3d-4bc0-9bec-39498968ad1c;e1ce01e3-3ad8-4ae8-b38b-91ad0bc88d58;nearest;0.37;0.9;000;0R;0163
94016_8110_00004;94016_8110;4;;Rue Raspail;94230;94016;Cachan;;;651073.51;6855253.58;2.333961;48.795507;segment;;;CACHAN;RUE RASPAIL;inconnue;inconnue;0;940160000R0073;9ba1f935-9a95-4226-b565-85e959744e7a;ef16ff9e-de3d-4bc0-9bec-39498968ad1c;e1ce01e3-3ad8-4ae8-b38b-91ad0bc88d58;within;0.0;1.0;000;0R;0073
94016_8110_00005;94016_8110;5;;Rue Raspail;94230;94016;Cachan;;;651064.23;6855242.43;2.333836;48.795406;segment;;;CACHAN;RUE RASPAIL;inconnue;inconnue;0;940160000R0163;84490e4e-6b71-45cf-81a2-b4a73fe39b01;ef16ff9e-de3d-4bc0-9bec-39498968ad1c;e1ce01e3-3ad8-4ae8-b38b-91ad0bc88d58;within;0.0;1.0;000;0R;0163
94016_8110_00006;94016_8110;6;;Rue Raspail;94230;94016;Cachan;;;651071.43;6855277.06;2.33393;48.795718;entrée;;;CACHAN;RUE RASPAIL;inconnue;inconnue;0;940160000R0049;493f27ef-f70a-4530-ac2f-f38d6950219f;ef16ff9e-de3d-4bc0-9bec-39498968ad1c;e1ce01e3-3ad8-4ae8-b38b-91ad0bc88d58;nearest;1.51;0.9;000;0R;0049
94016_8110_00008;94016_8110;8;;Rue Raspail;94230;94016;Cachan;;;651070.54;6855302.98;2.333915;48.795951;entrée;;;CACHAN;RUE RASPAIL;inconnue;inconnue;0;940160000R0046;e7c2d1a2-d4bc-4496-b7bf-7e53b1750400;ef16ff9e-de3d-4bc0-9bec-39498968ad1c;e1ce01e3-3ad8-4ae8-b38b-91ad0bc88d58;within;0.0;1.0;000;0R;0046
94016_8110_00009;94016_8110;9;;Rue Raspail;94230;94016;Cachan;;;651064.73;6855258.44;2.333841;48.79555;segment;;;CACHAN;RUE RASPAIL;inconnue;inconnue;0;940160000R0163;f31bd963-6c83-4574-9409-e2306d89eb71;ef16ff9e-de3d-4bc0-9bec-39498968ad1c;e1ce01e3-3ad8-4ae8-b38b-91ad0bc88d58;within;0.0;1.0;000;0R;0163
94016_8110_00010;94016_8110;10;;Rue Raspail;94230;94016;Cachan;;;651044.19;6855322.44;2.333554;48.796124;entrée;;;CACHAN;RUE RASPAIL;inconnue;inconnue;0;940160000R0185;adbfc3da-5bd9-47ca-83b0-9347681adbdb;ef16ff9e-de3d-4bc0-9bec-39498968ad1c;e1ce01e3-3ad8-4ae8-b38b-91ad0bc88d58;nearest;1.89;0.9;000;0R;0185
94016_8110_00011;94016_8110;11;;Rue Raspail;94230;94016;Cachan;;;651062.99;6855295.48;2.333813;48.795883;entrée;;;CACHAN;RUE RASPAIL;inconnue;inconnue;0;940160000R0075;23a37451-85e1-4d0c-87d0-fa734f99fe9e;ef16ff9e-de3d-4bc0-9bec-39498968ad1c;e1ce01e3-3ad8-4ae8-b38b-91ad0bc88d58;nearest;0.58;0.9;000;0R;0075
94016_8110_00012;94016_8110;12;;Rue Raspail;94230;94016;Cachan;;;651010.53;6855346.85;2.333093;48.796341;entrée;;;CACHAN;RUE RASPAIL;inconnue;inconnue;0;940160000R0040;c50719f4-0d88-4f61-8fb9-323c37422475;ef16ff9e-de3d-4bc0-9bec-39498968ad1c;e1ce01e3-3ad8-4ae8-b38b-91ad0bc88d58;nearest;1.14;0.9;000;0R;0040
94016_8110_00013;94016_8110;13;;Rue Raspail;94230;94016;Cachan;;;651057.32;6855302.31;2.333735;48.795944;entrée;;;CACHAN;RUE RASPAIL;inconnue;inconnue;0;940160000R0018;d5b9fd50-a9e6-4a30-9f79-296442f273bc;ef16ff9e-de3d-4bc0-9bec-39498968ad1c;e1ce01e3-3ad8-4ae8-b38b-91ad0bc88d58;nearest;0.32;0.9;000;0R;0018
94016_8110_00014;94016_8110;14;;Rue Raspail;94230;94016;Cachan;;;650992.13;6855351.9;2.332842;48.796385;entrée;;;CACHAN;RUE RASPAIL;inconnue;inconnue;0;940160000R0038;e486d716-e1dd-4026-85af-ac17c169dbae;ef16ff9e-de3d-4bc0-9bec-39498968ad1c;e1ce01e3-3ad8-4ae8-b38b-91ad0bc88d58;nearest;1.04;0.9;000;0R;0038
94016_8110_00015;94016_8110;15;;Rue Raspail;94230;94016;Cachan;;;651051.79;6855309.36;2.333659;48.796007;entrée;;;CACHAN;RUE RASPAIL;inconnue;inconnue;0;940160000R0019;1e7c4008-e36e-4f5f-ad9d-a41402a26913;ef16ff9e-de3d-4bc0-9bec-39498968ad1c;e1ce01e3-3ad8-4ae8-b38b-91ad0bc88d58;nearest;0.37;0.9;000;0R;0019
94016_8110_00016;94016_8110;16;;Rue Raspail;94230;94016;Cachan;;;650981.63;6855352.1;2.332699;48.796386;entrée;;;CACHAN;RUE RASPAIL;inconnue;inconnue;0;940160000R0037;b382819b-cdde-4e05-856c-b7f5874f0d53;ef16ff9e-de3d-4bc0-9bec-39498968ad1c;e1ce01e3-3ad8-4ae8-b38b-91ad0bc88d58;nearest;1.13;0.9;000;0R;0037
94016_8110_00017;94016_8110;17;;Rue Raspail;94230;94016;Cachan;;;651042.31;6855317.56;2.333529;48.79608;entrée;;;CACHAN;RUE RASPAIL;inconnue;inconnue;0;940160000R0020;d9d094fb-c869-45d0-947d-a9681f8809af;ef16ff9e-de3d-4bc0-9bec-39498968ad1c;e1ce01e3-3ad8-4ae8-b38b-91ad0bc88d58;nearest;0.06;0.9;000;0R;0020
94016_8110_00018;94016_8110;18;;Rue Raspail;94230;94016;Cachan;;;650974.07;6855352.49;2.332596;48.796389;entrée;;;CACHAN;RUE RASPAIL;inconnue;inconnue;0;940160000R0191;761bd1ae-e5d6-442a-b958-95a427941a6e;ef16ff9e-de3d-4bc0-9bec-39498968ad1c;e1ce01e3-3ad8-4ae8-b38b-91ad0bc88d58;nearest;0.96;0.9;000;0R;0191
94016_8110_00019;94016_8110;19;;Rue Raspail;94230;94016;Cachan;;;651028.22;6855327.35;2.333336;48.796167;entrée;;;CACHAN;RUE RASPAIL;inconnue;inconnue;0;940160000R0021;28584ce4-8d81-4bae-9d95-2d163480cb06;ef16ff9e-de3d-4bc0-9bec-39498968ad1c;e1ce01e3-3ad8-4ae8-b38b-91ad0bc88d58;nearest;0.04;0.9;000;0R;0021
94016_8110_00020;94016_8110;20;;Rue Raspail;94230;94016;Cachan;;;650969.29;6855352.65;2.332531;48.79639;entrée;;;CACHAN;RUE RASPAIL;inconnue;inconnue;0;940160000R0192;259fdf77-3397-4393-8900-09c7a8c4ccf0;ef16ff9e-de3d-4bc0-9bec-39498968ad1c;e1ce01e3-3ad8-4ae8-b38b-91ad0bc88d58;nearest;0.97;0.9;000;0R;0192
94016_8110_00021;94016_8110;21;;Rue Raspail;94230;94016;Cachan;;;651014.42;6855337.25;2.333147;48.796255;entrée;;;CACHAN;RUE RASPAIL;inconnue;inconnue;0;940160000R0193;6bb27ce0-f609-433c-8ecd-2db92760298f;ef16ff9e-de3d-4bc0-9bec-39498968ad1c;e1ce01e3-3ad8-4ae8-b38b-91ad0bc88d58;nearest;0.28;0.9;000;0R;0193
94016_8110_00022;94016_8110;22;;Rue Raspail;94230;94016;Cachan;;;650964.59;6855352.91;2.332467;48.796392;entrée;;;CACHAN;RUE RASPAIL;inconnue;inconnue;0;940160000R0034;98b12f9d-42c9-4705-abf6-14426e1ef43f;ef16ff9e-de3d-4bc0-9bec-39498968ad1c;e1ce01e3-3ad8-4ae8-b38b-91ad0bc88d58;nearest;0.87;0.9;000;0R;0034
94016_8110_00024;94016_8110;24;;Rue Raspail;94230;94016;Cachan;;;650959.38;6855353.06;2.332396;48.796393;entrée;;;CACHAN;RUE RASPAIL;inconnue;inconnue;0;940160000R0033;65e6d350-c19b-4d0c-9761-8e628ab4f3b3;ef16ff9e-de3d-4bc0-9bec-39498968ad1c;e1ce01e3-3ad8-4ae8-b38b-91ad0bc88d58;nearest;0.88;0.9;000;0R;0033
94016_8110_00026;94016_8110;26;;Rue Raspail;94230;94016;Cachan;;;650950.49;6855353.25;2.332275;48.796394;entrée;;;CACHAN;RUE RASPAIL;inconnue;inconnue;0;940160000R0032;5713e47e-7072-4498-b6e4-31bd3171a728;ef16ff9e-de3d-4bc0-9bec-39498968ad1c;e1ce01e3-3ad8-4ae8-b38b-91ad0bc88d58;nearest;1.0;0.9;000;0R;0032
94016_8110_00028;94016_8110;28;;Rue Raspail;94230;94016;Cachan;;;650939.62;6855353.68;2.332127;48.796397;entrée;;;CACHAN;RUE RASPAIL;inconnue;inconnue;0;940160000R0031;efd5829b-087e-44cc-9ef6-fe581cdb1db7;ef16ff9e-de3d-4bc0-9bec-39498968ad1c;e1ce01e3-3ad8-4ae8-b38b-91ad0bc88d58;nearest;0.94;0.9;000;0R;0031
94016_8110_00021_bis;94016_8110;21;bis;Rue Raspail;94230;94016;Cachan;;;651004.26;6855344.23;2.333008;48.796317;entrée;;;CACHAN;RUE RASPAIL;inconnue;inconnue;0;940160000R0194;e0c385e7-b025-44ce-b957-e2b54dbfe898;ef16ff9e-de3d-4bc0-9bec-39498968ad1c;e1ce01e3-3ad8-4ae8-b38b-91ad0bc88d58;nearest;0.2;0.9;000;0R;0194
94016_8110_00008_q;94016_8110;8;q;Rue Raspail;94230;94016;Cachan;;;651074.11;6855281.71;2.333966;48.79576;segment;;;CACHAN;RUE RASPAIL;inconnue;inconnue;0;940160000R0049;dd07f988-3121-4328-994a-39a7d80f2319;ef16ff9e-de3d-4bc0-9bec-39498968ad1c;e1ce01e3-3ad8-4ae8-b38b-91ad0bc88d58;within;0.0;1.0;000;0R;0049
94016_8110_00008_t;94016_8110;8;t;Rue Raspail;94230;94016;Cachan;;;651064.43;6855300.81;2.333832;48.795931;entrée;;;CACHAN;RUE RASPAIL;inconnue;inconnue;0;940160000R0046;30f84561-699f-4c00-ba47-5c31eb139e32;ef16ff9e-de3d-4bc0-9bec-39498968ad1c;e1ce01e3-3ad8-4ae8-b38b-91ad0bc88d58;nearest;2.28;0.9;000;0R;0046
94016_8110_00008_s;94016_8110;8;s;Rue Raspail;94230;94016;Cachan;;;651052.51;6855316.25;2.333668;48.796069;entrée;;;CACHAN;RUE RASPAIL;inconnue;inconnue;0;940160000R0186;b5bb5fc7-5c11-43b3-8cea-eae5fe8627e6;ef16ff9e-de3d-4bc0-9bec-39498968ad1c;e1ce01e3-3ad8-4ae8-b38b-91ad0bc88d58;nearest;2.02;0.9;000;0R;0186
94016_8110_00002_bis;94016_8110;2;bis;Rue Raspail;94230;94016;Cachan;;;651070.4;6855251.05;2.333919;48.795484;entrée;;;CACHAN;RUE RASPAIL;inconnue;inconnue;0;940160000R0073;b5688556-4a0c-4d0b-9fa7-97c30fc536a2;ef16ff9e-de3d-4bc0-9bec-39498968ad1c;e1ce01e3-3ad8-4ae8-b38b-91ad0bc88d58;nearest;2.12;0.9;000;0R;0073
94016_8110_00008_b;94016_8110;8;b;Rue Raspail;94230;94016;Cachan;;;651068.5;6855295.99;2.333888;48.795888;entrée;;;CACHAN;RUE RASPAIL;inconnue;inconnue;0;940160000R0047;f16203d9-65c5-4f71-819b-ece620388f1b;ef16ff9e-de3d-4bc0-9bec-39498968ad1c;e1ce01e3-3ad8-4ae8-b38b-91ad0bc88d58;nearest;2.01;0.9;000;0R;0047
94016_8110_00010_bis;94016_8110;10;bis;Rue Raspail;94230;94016;Cachan;;;651022.07;6855338.41;2.333251;48.796266;entrée;;;CACHAN;RUE RASPAIL;inconnue;inconnue;0;940160000R0042;a25963ef-5c73-40b6-9d91-011b24a1d333;ef16ff9e-de3d-4bc0-9bec-39498968ad1c;e1ce01e3-3ad8-4ae8-b38b-91ad0bc88d58;nearest;1.47;0.9;000;0R;0042
94016_8110_00012_bis;94016_8110;12;bis;Rue Raspail;94230;94016;Cachan;;;650999.18;6855351.39;2.332938;48.796381;entrée;;;CACHAN;RUE RASPAIL;inconnue;inconnue;0;940160000R0039;5df47e0e-8404-4f34-9bcd-fe84962eee1f;ef16ff9e-de3d-4bc0-9bec-39498968ad1c;e1ce01e3-3ad8-4ae8-b38b-91ad0bc88d58;nearest;1.21;0.9;000;0R;0039
94016_8110_00010_ter;94016_8110;10;ter;Rue Raspail;94230;94016;Cachan;;;651016.59;6855342.13;2.333176;48.796299;entrée;;;CACHAN;RUE RASPAIL;inconnue;inconnue;0;940160000R0041;76b82774-ccc9-474d-9576-722f55f17a85;ef16ff9e-de3d-4bc0-9bec-39498968ad1c;e1ce01e3-3ad8-4ae8-b38b-91ad0bc88d58;nearest;1.58;0.9;000;0R;0041
94016_1495_00001;94016_1495;1;;Rue Cousté;94230;94016;Cachan;;;651408.92;6855322.04;2.338519;48.796148;;;;CACHAN;RUE COUSTE;arcep;inconnue;0;940160000Y0103;868cdc83-6382-4394-a057-5129a0471c1e;deb8e940-5c41-430d-8c35-c70422d827bc;e1ce01e3-3ad8-4ae8-b38b-91ad0bc88d58;within;0.0;1.0;000;0Y;0103
94016_1495_00002;94016_1495;2;;Rue Cousté;94230;94016;Cachan;;;651402.89;6855330.32;2.338436;48.796222;entrée;;;CACHAN;RUE COUSTE;inconnue;inconnue;0;940160000T0088;6ac4363b-fe1f-42aa-959a-ace8476ef9d1;deb8e940-5c41-430d-8c35-c70422d827bc;e1ce01e3-3ad8-4ae8-b38b-91ad0bc88d58;nearest;1.49;0.9;000;0T;0088
94016_1495_00003;94016_1495;3;;Rue Cousté;94230;94016;Cachan;;;651387.81;6855292.75;2.338235;48.795883;entrée;;;CACHAN;RUE COUSTE;inconnue;inconnue;0;940160000Y0451;12d23276-f82c-4d2f-8238-4d9e905c01e7;deb8e940-5c41-430d-8c35-c70422d827bc;e1ce01e3-3ad8-4ae8-b38b-91ad0bc88d58;nearest;0.22;0.9;000;0Y;0451
94016_1495_00004;94016_1495;4;;Rue Cousté;94230;94016;Cachan;;;651366.47;6855288.04;2.337945;48.795839;entrée;;;CACHAN;RUE COUSTE;inconnue;inconnue;0;940160000Y0533;91294400-4899-417f-b77a-c85df9b7eaf3;deb8e940-5c41-430d-8c35-c70422d827bc;e1ce01e3-3ad8-4ae8-b38b-91ad0bc88d58;within;0.0;1.0;000;0Y;0533
94016_1495_00005;94016_1495;5;;Rue Cousté;94230;94016;Cachan;;;651380.59;6855280.69;2.338138;48.795774;entrée;;;CACHAN;RUE COUSTE;inconnue;inconnue;0;940160000Y0105;64f5c546-4a65-4db5-9b86-dba0eb3bcdc7;deb8e940-5c41-430d-8c35-c70422d827bc;e1ce01e3-3ad8-4ae8-b38b-91ad0bc88d58;nearest;0.25;0.9;000;0Y;0105
94016_1495_00006;94016_1495;6;;Rue Cousté;94230;94016;Cachan;;;651360.08;6855279.97;2.337859;48.795766;entrée;;;CACHAN;RUE COUSTE;inconnue;inconnue;0;940160000Y0533;46d97555-12b4-47f3-bb8e-abc24f5cc3c9;deb8e940-5c41-430d-8c35-c70422d827bc;e1ce01e3-3ad8-4ae8-b38b-91ad0bc88d58;within;0.0;1.0;000;0Y;0533
94016_1495_00007;94016_1495;7;;Rue Cousté;94230;94016;Cachan;;;651373.51;6855269.07;2.338043;48.795669;entrée;;;CACHAN;RUE COUSTE;inconnue;inconnue;0;940160000Y0106;f1be865e-4543-4f43-a573-f0e3e065860f;deb8e940-5c41-430d-8c35-c70422d827bc;e1ce01e3-3ad8-4ae8-b38b-91ad0bc88d58;nearest;0.45;0.9;000;0Y;0106
94016_1495_00008;94016_1495;8;;Rue Cousté;94230;94016;Cachan;;;651359.39;6855258.41;2.337852;48.795572;entrée;;;CACHAN;RUE COUSTE;inconnue;inconnue;0;940160000Y0138;e42aeeef-4855-4b5f-994c-1af9de72673c;deb8e940-5c41-430d-8c35-c70422d827bc;e1ce01e3-3ad8-4ae8-b38b-91ad0bc88d58;nearest;1.14;0.9;000;0Y;0138
94016_1495_00009;94016_1495;9;;Rue Cousté;94230;94016;Cachan;;;651368.44;6855259.89;2.337975;48.795586;segment;;;CACHAN;RUE COUSTE;inconnue;inconnue;0;940160000Y0530;b83e9b71-eed5-4ed9-a859-d4fdec229218;deb8e940-5c41-430d-8c35-c70422d827bc;e1ce01e3-3ad8-4ae8-b38b-91ad0bc88d58;within;0.0;1.0;000;0Y;0530
94016_1495_00010;94016_1495;10;;Rue Cousté;94230;94016;Cachan;;;651353.94;6855248.33;2.337779;48.795481;entrée;;;CACHAN;RUE COUSTE;cadastre;inconnue;0;940160000Y0137;88f86afc-2124-4975-8330-cac37c10c1a7;deb8e940-5c41-430d-8c35-c70422d827bc;e1ce01e3-3ad8-4ae8-b38b-91ad0bc88d58;exist;;;000;0Y;0137
94016_1495_00011;94016_1495;11;;Rue Cousté;94230;94016;Cachan;;;651361.81;6855249.38;2.337886;48.795491;entrée;;;CACHAN;RUE COUSTE;inconnue;inconnue;0;940160000Y0168;c6c8ba61-d1f1-434a-99c8-691290c39d78;deb8e940-5c41-430d-8c35-c70422d827bc;e1ce01e3-3ad8-4ae8-b38b-91ad0bc88d58;nearest;0.31;0.9;000;0Y;0168
94016_1495_00012;94016_1495;12;;Rue Cousté;94230;94016;Cachan;;;651345.9;6855235.61;2.337671;48.795366;entrée;;;CACHAN;RUE COUSTE;inconnue;inconnue;0;940160000Y0510;1b141172-d250-4596-8a3c-304eb579af83;deb8e940-5c41-430d-8c35-c70422d827bc;e1ce01e3-3ad8-4ae8-b38b-91ad0bc88d58;nearest;1.36;0.9;000;0Y;0510
94016_1495_00013;94016_1495;13;;Rue Cousté;94230;94016;Cachan;;;651356.82;6855240.97;2.337819;48.795415;entrée;;;CACHAN;RUE COUSTE;inconnue;inconnue;0;940160000Y0109;97151a63-2fb7-4181-be47-25802cabadfa;deb8e940-5c41-430d-8c35-c70422d827bc;e1ce01e3-3ad8-4ae8-b38b-91ad0bc88d58;nearest;0.22;0.9;000;0Y;0109
94016_1495_00015;94016_1495;15;;Rue Cousté;94230;94016;Cachan;;;651357.12;6855241.19;2.337823;48.795417;segment;;;CACHAN;RUE COUSTE;inconnue;inconnue;0;940160000Y0109;add90f9d-61b3-4471-9471-638dec3a4298;deb8e940-5c41-430d-8c35-c70422d827bc;e1ce01e3-3ad8-4ae8-b38b-91ad0bc88d58;nearest;0.03;0.9;000;0Y;0109
94016_1495_00017;94016_1495;17;;Rue Cousté;94230;94016;Cachan;;;651348.11;6855227.03;2.337702;48.795289;entrée;;;CACHAN;RUE COUSTE;inconnue;inconnue;0;940160000Y0111;b0e923a2-b682-4ea4-be7a-e547c7467178;deb8e940-5c41-430d-8c35-c70422d827bc;e1ce01e3-3ad8-4ae8-b38b-91ad0bc88d58;nearest;0.55;0.9;000;0Y;0111
94016_1495_00018;94016_1495;18;;Rue Cousté;94230;94016;Cachan;;;651297.68;6855161.63;2.337023;48.794697;segment;;;CACHAN;RUE COUSTE;inconnue;inconnue;0;940160000Y0465;e3404ada-89b7-43d5-af22-5010ddc71e19;deb8e940-5c41-430d-8c35-c70422d827bc;e1ce01e3-3ad8-4ae8-b38b-91ad0bc88d58;nearest;5.43;0.75;000;0Y;0465
94016_1495_00019;94016_1495;19;;Rue Cousté;94230;94016;Cachan;;;651343.19;6855219.07;2.337636;48.795217;entrée;;;CACHAN;RUE COUSTE;inconnue;inconnue;0;940160000Y0112;8d584009-28e0-4aaa-9c08-a9c9e74d0cdf;deb8e940-5c41-430d-8c35-c70422d827bc;e1ce01e3-3ad8-4ae8-b38b-91ad0bc88d58;nearest;0.7;0.9;000;0Y;0112
94016_1495_00020;94016_1495;20;;Rue Cousté;94230;94016;Cachan;;;651294.38;6855162.55;2.336978;48.794705;entrée;;;CACHAN;RUE COUSTE;inconnue;inconnue;0;940160000Y0465;de5ee750-eb61-48f1-a1a6-a11d42cc94bb;deb8e940-5c41-430d-8c35-c70422d827bc;e1ce01e3-3ad8-4ae8-b38b-91ad0bc88d58;nearest;1.1;0.9;000;0Y;0465
94016_1495_00021;94016_1495;21;;Rue Cousté;94230;94016;Cachan;;;651336.71;6855207.89;2.337549;48.795116;entrée;;;CACHAN;RUE COUSTE;inconnue;inconnue;0;940160000Y0113;e2fe352a-cac7-4020-a1f9-9ace4f487640;deb8e940-5c41-430d-8c35-c70422d827bc;e1ce01e3-3ad8-4ae8-b38b-91ad0bc88d58;nearest;0.45;0.9;000;0Y;0113
94016_1495_00023;94016_1495;23;;Rue Cousté;94230;94016;Cachan;;;651329.63;6855195.94;2.337454;48.795008;entrée;;;CACHAN;RUE COUSTE;inconnue;inconnue;0;940160000Y0114;43ffe697-95c6-42c9-a69f-34b4f6d348ad;deb8e940-5c41-430d-8c35-c70422d827bc;e1ce01e3-3ad8-4ae8-b38b-91ad0bc88d58;nearest;0.36;0.9;000;0Y;0114
94016_1495_00024;94016_1495;24;;Rue Cousté;94230;94016;Cachan;;;651272.8;6855121.25;2.336689;48.794332;segment;;;CACHAN;RUE COUSTE;inconnue;inconnue;0;;b0dc671d-15e8-4c88-9e2b-42a4791be02d;deb8e940-5c41-430d-8c35-c70422d827bc;e1ce01e3-3ad8-4ae8-b38b-91ad0bc88d58;missing;;0.0;;;
94016_1495_00025;94016_1495;25;;Rue Cousté;94230;94016;Cachan;;;651321.88;6855183.44;2.33735;48.794895;entrée;;;CACHAN;RUE COUSTE;inconnue;inconnue;0;940160000Y0115;97fb87cd-d920-4607-9c15-fda59011df11;deb8e940-5c41-430d-8c35-c70422d827bc;e1ce01e3-3ad8-4ae8-b38b-91ad0bc88d58;nearest;0.69;0.9;000;0Y;0115
94016_1495_00027;94016_1495;27;;Rue Cousté;94230;94016;Cachan;;;651313.83;6855169.72;2.337242;48.794771;entrée;;;CACHAN;RUE COUSTE;inconnue;inconnue;0;940160000Y0116;4b2f2711-8d12-4273-b130-fa4914bb5590;deb8e940-5c41-430d-8c35-c70422d827bc;e1ce01e3-3ad8-4ae8-b38b-91ad0bc88d58;nearest;0.57;0.9;000;0Y;0116
94016_1495_00029;94016_1495;29;;Rue Cousté;94230;94016;Cachan;;;651305.41;6855155.67;2.337129;48.794644;entrée;;;CACHAN;RUE COUSTE;inconnue;inconnue;0;940160000Y0117;ee62b737-0b41-453d-9f26-88c9a8a0f0fe;deb8e940-5c41-430d-8c35-c70422d827bc;e1ce01e3-3ad8-4ae8-b38b-91ad0bc88d58;nearest;0.59;0.9;000;0Y;0117
94016_1495_00031;94016_1495;31;;Rue Cousté;94230;94016;Cachan;;;651298.41;6855143.83;2.337035;48.794537;entrée;;;CACHAN;RUE COUSTE;inconnue;inconnue;0;940160000Y0118;78e59689-ee2d-4dd3-b3ea-b3e05b1f72a7;deb8e940-5c41-430d-8c35-c70422d827bc;e1ce01e3-3ad8-4ae8-b38b-91ad0bc88d58;nearest;0.48;0.9;000;0Y;0118
94016_1495_00033;94016_1495;33;;Rue Cousté;94230;94016;Cachan;;;651291.13;6855134;2.336937;48.794448;segment;;;CACHAN;RUE COUSTE;inconnue;inconnue;0;940160000Y0119;954ed0e3-8830-4bd3-8d35-c36af496534b;deb8e940-5c41-430d-8c35-c70422d827bc;e1ce01e3-3ad8-4ae8-b38b-91ad0bc88d58;nearest;2.06;0.9;000;0Y;0119
94016_1495_00035;94016_1495;35;;Rue Cousté;94230;94016;Cachan;;;651286.71;6855124.36;2.336878;48.794361;entrée;;;CACHAN;RUE COUSTE;inconnue;inconnue;0;940160000Y0545;a89d7c1b-71dd-4ba4-a50a-1c1111e4dc45;deb8e940-5c41-430d-8c35-c70422d827bc;e1ce01e3-3ad8-4ae8-b38b-91ad0bc88d58;nearest;0.54;0.9;000;0Y;0545
94016_1495_00006_bis;94016_1495;6;bis;Rue Cousté;94230;94016;Cachan;;;651366.23;6855268.24;2.337944;48.795661;entrée;;;CACHAN;RUE COUSTE;inconnue;inconnue;0;940160000Y0139;80e05c65-5920-4358-9394-2ca06ffb16bf;deb8e940-5c41-430d-8c35-c70422d827bc;e1ce01e3-3ad8-4ae8-b38b-91ad0bc88d58;nearest;2.22;0.9;000;0Y;0139
94016_1495_00004_bis;94016_1495;4;bis;Rue Cousté;94230;94016;Cachan;;;651351.62;6855296.05;2.337742;48.79591;entrée;;;CACHAN;RUE COUSTE;inconnue;inconnue;0;940160000Y0536;d42fe5f5-9adc-41cc-8c91-868e06911f6f;deb8e940-5c41-430d-8c35-c70422d827bc;e1ce01e3-3ad8-4ae8-b38b-91ad0bc88d58;within;0.0;1.0;000;0Y;0536
94016_1495_00004_ter;94016_1495;4;ter;Rue Cousté;94230;94016;Cachan;;;651363.3;6855303.74;2.3379;48.79598;entrée;;;CACHAN;RUE COUSTE;inconnue;inconnue;0;940160000Y0534;60905fce-135e-439a-8319-c0993c0baf71;deb8e940-5c41-430d-8c35-c70422d827bc;e1ce01e3-3ad8-4ae8-b38b-91ad0bc88d58;within;0.0;1.0;000;0Y;0534
94016_1495_00002_ter;94016_1495;2;ter;Rue Cousté;94230;94016;Cachan;;;651399.41;6855327.01;2.338389;48.796192;segment;;;CACHAN;RUE COUSTE;inconnue;inconnue;0;940160000T0088;3c665a89-5601-4471-af90-1ea7aefbe1af;deb8e940-5c41-430d-8c35-c70422d827bc;e1ce01e3-3ad8-4ae8-b38b-91ad0bc88d58;within;0.0;1.0;000;0T;0088
94016_1495_00002_bis;94016_1495;2;bis;Rue Cousté;94230;94016;Cachan;;;651399.41;6855327.01;2.338389;48.796192;segment;;;CACHAN;RUE COUSTE;inconnue;inconnue;0;940160000T0088;45b0aa2f-c0b1-462e-a042-f2c3e779b748;deb8e940-5c41-430d-8c35-c70422d827bc;e1ce01e3-3ad8-4ae8-b38b-91ad0bc88d58;within;0.0;1.0;000;0T;0088
94016_1460_00068;94016_1460;68;;Rue du Colonel Fabien;94230;94016;Cachan;;;651606.39;6855612.49;2.341174;48.798775;entrée;;;CACHAN;RUE DU COLONEL FABIEN;inconnue;inconnue;0;940160000U0146;aa3b0e4c-e2e2-4b9d-848b-ece24e6793e6;345758df-37ec-4bd8-990e-0204bbb51011;e1ce01e3-3ad8-4ae8-b38b-91ad0bc88d58;nearest;1.36;0.9;000;0U;0146
94016_1460_00070;94016_1460;70;;Rue du Colonel Fabien;94230;94016;Cachan;;;651614.58;6855608.09;2.341286;48.798736;entrée;;;CACHAN;RUE DU COLONEL FABIEN;inconnue;inconnue;0;940160000U0023;53e7efdf-73dd-4968-9d50-26814667d95b;345758df-37ec-4bd8-990e-0204bbb51011;e1ce01e3-3ad8-4ae8-b38b-91ad0bc88d58;within;0.0;1.0;000;0U;0023
94016_1460_00072;94016_1460;72;;Rue du Colonel Fabien;94230;94016;Cachan;;;651621.01;6855604.25;2.341374;48.798702;entrée;;;CACHAN;RUE DU COLONEL FABIEN;inconnue;inconnue;0;940160000U0024;caca53f4-8fbc-410c-b717-33c376cfc039;345758df-37ec-4bd8-990e-0204bbb51011;e1ce01e3-3ad8-4ae8-b38b-91ad0bc88d58;nearest;0.07;0.9;000;0U;0024
94016_1460_00074;94016_1460;74;;Rue du Colonel Fabien;94230;94016;Cachan;;;651627.73;6855600.19;2.341466;48.798666;entrée;;;CACHAN;RUE DU COLONEL FABIEN;inconnue;inconnue;0;940160000U0025;60ec707e-3ce5-4e61-b80a-db6aeb63408e;345758df-37ec-4bd8-990e-0204bbb51011;e1ce01e3-3ad8-4ae8-b38b-91ad0bc88d58;nearest;0.1;0.9;000;0U;0025
94016_1460_00076;94016_1460;76;;Rue du Colonel Fabien;94230;94016;Cachan;;;651635.33;6855595.57;2.34157;48.798625;entrée;;;CACHAN;RUE DU COLONEL FABIEN;inconnue;inconnue;0;940160000U0026;5ea133bb-39cf-46f2-bc65-437fddd9f44b;345758df-37ec-4bd8-990e-0204bbb51011;e1ce01e3-3ad8-4ae8-b38b-91ad0bc88d58;nearest;0.17;0.9;000;0U;0026
94016_1460_00080;94016_1460;80;;Rue du Colonel Fabien;94230;94016;Cachan;;;651653.53;6855584.08;2.341819;48.798523;entrée;;;CACHAN;RUE DU COLONEL FABIEN;inconnue;inconnue;0;940160000U0228;b03940d4-4e9d-497c-9e16-e882276a0fa4;345758df-37ec-4bd8-990e-0204bbb51011;e1ce01e3-3ad8-4ae8-b38b-91ad0bc88d58;nearest;0.06;0.9;000;0U;0228
94016_1460_00082;94016_1460;82;;Rue du Colonel Fabien;94230;94016;Cachan;;;651669.1;6855574.39;2.342032;48.798437;entrée;;;CACHAN;RUE DU COLONEL FABIEN;inconnue;inconnue;0;940160000U0147;818d71a9-94ae-48b4-99c1-393fddad82f7;345758df-37ec-4bd8-990e-0204bbb51011;e1ce01e3-3ad8-4ae8-b38b-91ad0bc88d58;nearest;0.05;0.9;000;0U;0147
94016_1460_00084;94016_1460;84;;Rue du Colonel Fabien;94230;94016;Cachan;;;651681.08;6855566.95;2.342196;48.798371;entrée;;;CACHAN;RUE DU COLONEL FABIEN;inconnue;inconnue;0;940160000U0036;a91432fd-57ac-4412-af06-afca0a93b7f6;345758df-37ec-4bd8-990e-0204bbb51011;e1ce01e3-3ad8-4ae8-b38b-91ad0bc88d58;nearest;0.07;0.9;000;0U;0036
94016_1460_00086;94016_1460;86;;Rue du Colonel Fabien;94230;94016;Cachan;;;651695.11;6855558.27;2.342388;48.798294;entrée;;;CACHAN;RUE DU COLONEL FABIEN;inconnue;inconnue;0;940160000U0037;2013ea20-fc7d-412b-aec2-f73bbb0d25a7;345758df-37ec-4bd8-990e-0204bbb51011;e1ce01e3-3ad8-4ae8-b38b-91ad0bc88d58;nearest;0.12;0.9;000;0U;0037
94016_1460_00088;94016_1460;88;;Rue du Colonel Fabien;94230;94016;Cachan;;;651708.17;6855547.26;2.342567;48.798196;entrée;;;CACHAN;RUE DU COLONEL FABIEN;inconnue;inconnue;0;940160000U0235;2cd0defc-d003-441b-8c72-2c325d181bb5;345758df-37ec-4bd8-990e-0204bbb51011;e1ce01e3-3ad8-4ae8-b38b-91ad0bc88d58;within;0.0;1.0;000;0U;0235
94016_1460_00090;94016_1460;90;;Rue du Colonel Fabien;94230;94016;Cachan;;;651714;6855541.32;2.342647;48.798143;entrée;;;CACHAN;RUE DU COLONEL FABIEN;inconnue;inconnue;0;940160000U0211;06a6f92d-0cd4-4271-808d-522015652e29;345758df-37ec-4bd8-990e-0204bbb51011;e1ce01e3-3ad8-4ae8-b38b-91ad0bc88d58;nearest;0.14;0.9;000;0U;0211
94016_1460_00092;94016_1460;92;;Rue du Colonel Fabien;94230;94016;Cachan;;;651720.31;6855532.15;2.342734;48.798061;entrée;;;CACHAN;RUE DU COLONEL FABIEN;inconnue;inconnue;0;940160000U0213;4a3402ae-66b3-42cd-8169-bfd7f3bb4855;345758df-37ec-4bd8-990e-0204bbb51011;e1ce01e3-3ad8-4ae8-b38b-91ad0bc88d58;nearest;0.1;0.9;000;0U;0213
94016_1460_00094;94016_1460;94;;Rue du Colonel Fabien;94230;94016;Cachan;;;651726.77;6855522.64;2.342823;48.797976;entrée;;;CACHAN;RUE DU COLONEL FABIEN;inconnue;inconnue;0;940160000U0215;40b6bdf3-8acd-4a40-8edc-82aec82f13ed;345758df-37ec-4bd8-990e-0204bbb51011;e1ce01e3-3ad8-4ae8-b38b-91ad0bc88d58;within;0.0;1.0;000;0U;0215
94016_1460_00096;94016_1460;96;;Rue du Colonel Fabien;94230;94016;Cachan;;;651751.07;6855503.1;2.343156;48.797802;segment;;;CACHAN;RUE DU COLONEL FABIEN;inconnue;inconnue;0;940160000U0219;2d99fafd-548c-45e7-bfe7-14e41e385882;345758df-37ec-4bd8-990e-0204bbb51011;e1ce01e3-3ad8-4ae8-b38b-91ad0bc88d58;nearest;5.94;0.75;000;0U;0219
94016_0055_00002;94016_0055;2;;Rue Ange Rubaud;94230;94016;Cachan;;;650915.12;6854185.25;2.331928;48.785887;entrée;;;CACHAN;RUE ANGE RUBAUD;inconnue;inconnue;0;940160000N0072;5abee207-d1d3-49cb-89bc-3dd88afb2c89;c17aaca3-e07f-4f82-97af-37166aac5558;e1ce01e3-3ad8-4ae8-b38b-91ad0bc88d58;within;0.0;1.0;000;0N;0072
94016_0055_00004;94016_0055;4;;Rue Ange Rubaud;94230;94016;Cachan;;;650915.72;6854169.68;2.331938;48.785747;entrée;;;CACHAN;RUE ANGE RUBAUD;inconnue;inconnue;0;940160000N0072;b7339f8c-cbde-45b6-83b5-3f5ac816df46;c17aaca3-e07f-4f82-97af-37166aac5558;e1ce01e3-3ad8-4ae8-b38b-91ad0bc88d58;within;0.0;1.0;000;0N;0072
94016_0055_00006;94016_0055;6;;Rue Ange Rubaud;94230;94016;Cachan;;;650918.9;6854154.75;2.331983;48.785613;entrée;;;CACHAN;RUE ANGE RUBAUD;inconnue;inconnue;0;940160000N0072;3d02e816-6854-4682-8070-886875566d64;c17aaca3-e07f-4f82-97af-37166aac5558;e1ce01e3-3ad8-4ae8-b38b-91ad0bc88d58;within;0.0;1.0;000;0N;0072
94016_0055_00008;94016_0055;8;;Rue Ange Rubaud;94230;94016;Cachan;;;650919.28;6854138.85;2.33199;48.78547;entrée;;;CACHAN;RUE ANGE RUBAUD;inconnue;inconnue;0;940160000N0072;e889c8f5-55f6-4bfa-841f-c7a2d8ab76b4;c17aaca3-e07f-4f82-97af-37166aac5558;e1ce01e3-3ad8-4ae8-b38b-91ad0bc88d58;within;0.0;1.0;000;0N;0072
94016_0055_00010;94016_0055;10;;Rue Ange Rubaud;94230;94016;Cachan;;;650922.91;6854124.36;2.332041;48.78534;entrée;;;CACHAN;RUE ANGE RUBAUD;inconnue;inconnue;0;940160000N0072;d27aa969-92a8-4e4b-8d03-cde90db88c4e;c17aaca3-e07f-4f82-97af-37166aac5558;e1ce01e3-3ad8-4ae8-b38b-91ad0bc88d58;within;0.0;1.0;000;0N;0072
94016_0055_00012;94016_0055;12;;Rue Ange Rubaud;94230;94016;Cachan;;;650923.42;6854107.23;2.33205;48.785186;entrée;;;CACHAN;RUE ANGE RUBAUD;inconnue;inconnue;0;940160000N0072;a076d6ad-b05e-4778-9186-72287f4ac762;c17aaca3-e07f-4f82-97af-37166aac5558;e1ce01e3-3ad8-4ae8-b38b-91ad0bc88d58;within;0.0;1.0;000;0N;0072
94016_4150_00006;94016_4150;6;;Sentier des Goischères;94230;94016;Cachan;;;651663.2;6855448.45;2.341966;48.797304;entrée;;;CACHAN;SENTIER DES GOISCHERES;inconnue;inconnue;0;940160000U0353;badbc9cd-e316-4a7a-a08e-646a97cf1082;7f3cb63e-de9c-481f-bcdd-5db8c5b9ad8e;e1ce01e3-3ad8-4ae8-b38b-91ad0bc88d58;nearest;0.99;0.9;000;0U;0353
94016_4150_00007;94016_4150;7;;Sentier des Goischères;94230;94016;Cachan;;;651667.69;6855414.39;2.342031;48.796998;entrée;;;CACHAN;SENTIER DES GOISCHERES;inconnue;inconnue;0;940160000U0351;8dd03e38-ad8a-40ea-ab27-f64181bba944;7f3cb63e-de9c-481f-bcdd-5db8c5b9ad8e;e1ce01e3-3ad8-4ae8-b38b-91ad0bc88d58;nearest;0.25;0.9;000;0U;0351
94016_4150_00009;94016_4150;9;;Sentier des Goischères;94230;94016;Cachan;;;651661.61;6855399.54;2.34195;48.796864;entrée;;;CACHAN;SENTIER DES GOISCHERES;inconnue;inconnue;0;940160000U0308;23739909-a311-497b-8f50-f4f277559d58;7f3cb63e-de9c-481f-bcdd-5db8c5b9ad8e;e1ce01e3-3ad8-4ae8-b38b-91ad0bc88d58;nearest;1.08;0.9;000;0U;0308
94016_4150_00012;94016_4150;12;;Sentier des Goischères;94230;94016;Cachan;;;651646;6855377.54;2.34174;48.796665;entrée;;;CACHAN;SENTIER DES GOISCHERES;inconnue;inconnue;0;940160000U0296;c1918f5d-8c94-4c46-a70d-b6e2eb190bb2;7f3cb63e-de9c-481f-bcdd-5db8c5b9ad8e;e1ce01e3-3ad8-4ae8-b38b-91ad0bc88d58;nearest;2.18;0.9;000;0U;0296
94016_4150_00013;94016_4150;13;;Sentier des Goischères;94230;94016;Cachan;;;651656.5;6855385.8;2.341882;48.79674;entrée;;;CACHAN;SENTIER DES GOISCHERES;inconnue;inconnue;0;940160000U0392;4c829ba1-62e5-4817-ab3c-7bc829e57df6;7f3cb63e-de9c-481f-bcdd-5db8c5b9ad8e;e1ce01e3-3ad8-4ae8-b38b-91ad0bc88d58;nearest;0.21;0.9;000;0U;0392
94016_4150_00014;94016_4150;14;;Sentier des Goischères;94230;94016;Cachan;;;651640.97;6855355.35;2.341674;48.796465;entrée;;;CACHAN;SENTIER DES GOISCHERES;inconnue;inconnue;0;940160000U0311;ccfadef7-a971-4c13-a95f-37ef5e5ad361;7f3cb63e-de9c-481f-bcdd-5db8c5b9ad8e;e1ce01e3-3ad8-4ae8-b38b-91ad0bc88d58;within;0.0;1.0;000;0U;0311
94016_4150_00017;94016_4150;17;;Sentier des Goischères;94230;94016;Cachan;;;651653.57;6855377.15;2.341843;48.796662;entrée;;;CACHAN;SENTIER DES GOISCHERES;inconnue;inconnue;0;940160000U0310;24de4b00-cb7a-4c4a-97a6-c455a1147b2f;7f3cb63e-de9c-481f-bcdd-5db8c5b9ad8e;e1ce01e3-3ad8-4ae8-b38b-91ad0bc88d58;within;0.0;1.0;000;0U;0310
94016_4150_00035;94016_4150;35;;Sentier des Goischères;94230;94016;Cachan;;;651623.72;6855312.46;2.341444;48.796078;entrée;;;CACHAN;SENTIER DES GOISCHERES;inconnue;inconnue;0;940160000V0109;01f488af-e578-411b-afa3-4f4bd928fe6a;7f3cb63e-de9c-481f-bcdd-5db8c5b9ad8e;e1ce01e3-3ad8-4ae8-b38b-91ad0bc88d58;within;0.0;1.0;000;0V;0109
94016_4150_00037;94016_4150;37;;Sentier des Goischères;94230;94016;Cachan;;;651625.36;6855306.33;2.341467;48.796023;entrée;;;CACHAN;SENTIER DES GOISCHERES;cadastre;inconnue;0;940160000V0110;17dd9343-e6e0-4b5f-90af-9d6f99d4bfbe;7f3cb63e-de9c-481f-bcdd-5db8c5b9ad8e;e1ce01e3-3ad8-4ae8-b38b-91ad0bc88d58;exist;;;000;0V;0110
94016_4150_00037_bis;94016_4150;37;bis;Sentier des Goischères;94230;94016;Cachan;;;651624.47;6855305.89;2.341455;48.796019;entrée;;;CACHAN;SENTIER DES GOISCHERES;inconnue;inconnue;0;940160000V0110;ff3f5492-873a-4f1d-8523-a1b6978becc0;7f3cb63e-de9c-481f-bcdd-5db8c5b9ad8e;e1ce01e3-3ad8-4ae8-b38b-91ad0bc88d58;within;0.0;1.0;000;0V;0110
94016_1475_00001;94016_1475;1;;Rue Condorcet;94230;94016;Cachan;;;650434.49;6855282.69;2.325259;48.79572;entrée;;;CACHAN;RUE CONDORCET;inconnue;inconnue;0;940160000E0164;91472623-4845-4bc1-96a1-d4b536f3fde8;a643e759-b320-4a56-8721-ce382040e9cd;e1ce01e3-3ad8-4ae8-b38b-91ad0bc88d58;nearest;0.17;0.9;000;0E;0164
94016_1475_00002;94016_1475;2;;Rue Condorcet;94230;94016;Cachan;;;650425.83;6855284.66;2.325141;48.795737;entrée;;;CACHAN;RUE CONDORCET;inconnue;inconnue;0;940160000E0131;f9c78d99-f52f-409b-a352-95a5c31d576d;a643e759-b320-4a56-8721-ce382040e9cd;e1ce01e3-3ad8-4ae8-b38b-91ad0bc88d58;nearest;1.67;0.9;000;0E;0131
94016_1475_00003;94016_1475;3;;Rue Condorcet;94230;94016;Cachan;;;650430.88;6855272.94;2.325211;48.795632;entrée;;;CACHAN;RUE CONDORCET;inconnue;inconnue;0;940160000E0163;ee622380-7aaa-443e-9455-43cbec68744d;a643e759-b320-4a56-8721-ce382040e9cd;e1ce01e3-3ad8-4ae8-b38b-91ad0bc88d58;nearest;0.31;0.9;000;0E;0163
94016_1475_00004;94016_1475;4;;Rue Condorcet;94230;94016;Cachan;;;650420.5;6855270.36;2.32507;48.795608;entrée;;;CACHAN;RUE CONDORCET;inconnue;inconnue;0;940160000E0132;948cd703-4bcc-4884-ba3d-9a52cf9a9739;a643e759-b320-4a56-8721-ce382040e9cd;e1ce01e3-3ad8-4ae8-b38b-91ad0bc88d58;nearest;1.51;0.9;000;0E;0132
94016_1475_00005;94016_1475;5;;Rue Condorcet;94230;94016;Cachan;;;650422.98;6855251.55;2.325106;48.795439;entrée;;;CACHAN;RUE CONDORCET;inconnue;inconnue;0;940160000E0162;017fda50-1254-4d65-836f-d4ff9d53a307;a643e759-b320-4a56-8721-ce382040e9cd;e1ce01e3-3ad8-4ae8-b38b-91ad0bc88d58;nearest;0.5;0.9;000;0E;0162
94016_1475_00006;94016_1475;6;;Rue Condorcet;94230;94016;Cachan;;;650417.19;6855261.16;2.325026;48.795525;entrée;;;CACHAN;RUE CONDORCET;inconnue;inconnue;0;940160000E0133;9e622ce5-3ead-47aa-922d-c64e5b98bce3;a643e759-b320-4a56-8721-ce382040e9cd;e1ce01e3-3ad8-4ae8-b38b-91ad0bc88d58;nearest;1.57;0.9;000;0E;0133
94016_1475_00007;94016_1475;7;;Rue Condorcet;94230;94016;Cachan;;;650420.57;6855244.34;2.325074;48.795374;entrée;;;CACHAN;RUE CONDORCET;inconnue;inconnue;0;940160000E0161;eb97f4e9-399e-4d07-a783-ffb2355f9f40;a643e759-b320-4a56-8721-ce382040e9cd;e1ce01e3-3ad8-4ae8-b38b-91ad0bc88d58;nearest;0.21;0.9;000;0E;0161
94016_1475_00008;94016_1475;8;;Rue Condorcet;94230;94016;Cachan;;;650413.58;6855251.4;2.324978;48.795437;entrée;;;CACHAN;RUE CONDORCET;inconnue;inconnue;0;940160000E0134;8db8c17c-e777-411d-8dc9-b1825a727619;a643e759-b320-4a56-8721-ce382040e9cd;e1ce01e3-3ad8-4ae8-b38b-91ad0bc88d58;nearest;1.49;0.9;000;0E;0134
94016_1475_00009;94016_1475;9;;Rue Condorcet;94230;94016;Cachan;;;650417.03;6855234.58;2.325027;48.795286;entrée;;;CACHAN;RUE CONDORCET;inconnue;inconnue;0;940160000E0160;3212e769-5fed-4c39-aa9b-512f59ad5e1e;a643e759-b320-4a56-8721-ce382040e9cd;e1ce01e3-3ad8-4ae8-b38b-91ad0bc88d58;nearest;0.12;0.9;000;0E;0160
94016_1475_00010;94016_1475;10;;Rue Condorcet;94230;94016;Cachan;;;650410.19;6855241.87;2.324933;48.795351;entrée;;;CACHAN;RUE CONDORCET;inconnue;inconnue;0;940160000E0135;2bb743e8-1927-473c-8da8-00c79a2706f8;a643e759-b320-4a56-8721-ce382040e9cd;e1ce01e3-3ad8-4ae8-b38b-91ad0bc88d58;nearest;1.57;0.9;000;0E;0135
94016_1475_00011;94016_1475;11;;Rue Condorcet;94230;94016;Cachan;;;650410.04;6855215.41;2.324934;48.795113;entrée;;;CACHAN;RUE CONDORCET;inconnue;inconnue;0;940160000E0158;da02cc08-b958-4083-824b-4cf961fd27cc;a643e759-b320-4a56-8721-ce382040e9cd;e1ce01e3-3ad8-4ae8-b38b-91ad0bc88d58;nearest;0.14;0.9;000;0E;0158
94016_1475_00012;94016_1475;12;;Rue Condorcet;94230;94016;Cachan;;;650407.03;6855233;2.324891;48.795271;entrée;;;CACHAN;RUE CONDORCET;inconnue;inconnue;0;940160000E0136;6cc64ef1-bf94-49b9-95db-74a51a332012;a643e759-b320-4a56-8721-ce382040e9cd;e1ce01e3-3ad8-4ae8-b38b-91ad0bc88d58;nearest;1.65;0.9;000;0E;0136
94016_1475_00013;94016_1475;13;;Rue Condorcet;94230;94016;Cachan;;;650406.8;6855206.76;2.324891;48.795035;entrée;;;CACHAN;RUE CONDORCET;inconnue;inconnue;0;940160000E0157;b9f5f61b-18be-41d3-a02f-dd41bc19e707;a643e759-b320-4a56-8721-ce382040e9cd;e1ce01e3-3ad8-4ae8-b38b-91ad0bc88d58;nearest;0.26;0.9;000;0E;0157
94016_1475_00014;94016_1475;14;;Rue Condorcet;94230;94016;Cachan;;;650403.42;6855223.25;2.324843;48.795183;entrée;;;CACHAN;RUE CONDORCET;inconnue;inconnue;0;940160000E0137;6960e24d-1f11-4ffe-9a6e-cd3bf41b81c1;a643e759-b320-4a56-8721-ce382040e9cd;e1ce01e3-3ad8-4ae8-b38b-91ad0bc88d58;nearest;1.6;0.9;000;0E;0137
94016_1475_00015;94016_1475;15;;Rue Condorcet;94230;94016;Cachan;;;650403.57;6855197.78;2.324848;48.794954;entrée;;;CACHAN;RUE CONDORCET;inconnue;inconnue;0;940160000E0156;fdc5d566-57d7-4824-a372-8faa0ff03837;a643e759-b320-4a56-8721-ce382040e9cd;e1ce01e3-3ad8-4ae8-b38b-91ad0bc88d58;nearest;0.22;0.9;000;0E;0156
94016_1475_00016;94016_1475;16;;Rue Condorcet;94230;94016;Cachan;;;650399.58;6855212.72;2.324792;48.795088;entrée;;;CACHAN;RUE CONDORCET;inconnue;inconnue;0;940160000E0138;74ba8831-09cd-4756-bb00-fbe0b48efccf;a643e759-b320-4a56-8721-ce382040e9cd;e1ce01e3-3ad8-4ae8-b38b-91ad0bc88d58;nearest;1.55;0.9;000;0E;0138
94016_1475_00018;94016_1475;18;;Rue Condorcet;94230;94016;Cachan;;;650396.19;6855203.18;2.324747;48.795002;entrée;;;CACHAN;RUE CONDORCET;inconnue;inconnue;0;940160000E0139;545fae76-bbd9-4656-bae4-5f45ca9dabeb;a643e759-b320-4a56-8721-ce382040e9cd;e1ce01e3-3ad8-4ae8-b38b-91ad0bc88d58;nearest;1.58;0.9;000;0E;0139
94016_1475_00019;94016_1475;19;;Rue Condorcet;94230;94016;Cachan;;;650400.41;6855189.14;2.324806;48.794876;entrée;;;CACHAN;RUE CONDORCET;inconnue;inconnue;0;940160000E0155;8285abba-6c28-4225-ba93-3a631f28d3c7;a643e759-b320-4a56-8721-ce382040e9cd;e1ce01e3-3ad8-4ae8-b38b-91ad0bc88d58;nearest;0.25;0.9;000;0E;0155
94016_1475_00020;94016_1475;20;;Rue Condorcet;94230;94016;Cachan;;;650388.37;6855181.68;2.324643;48.794808;entrée;;;CACHAN;RUE CONDORCET;inconnue;inconnue;0;940160000E0140;be6c0248-7b6b-48fb-bc34-4183d2d39900;a643e759-b320-4a56-8721-ce382040e9cd;e1ce01e3-3ad8-4ae8-b38b-91ad0bc88d58;nearest;1.55;0.9;000;0E;0140
94016_1475_00021;94016_1475;21;;Rue Condorcet;94230;94016;Cachan;;;650396.19;6855177.39;2.32475;48.79477;entrée;;;CACHAN;RUE CONDORCET;inconnue;inconnue;0;940160000E0154;ba1ccc30-9c7e-4fb4-9b73-65a33c11c3ce;a643e759-b320-4a56-8721-ce382040e9cd;e1ce01e3-3ad8-4ae8-b38b-91ad0bc88d58;nearest;0.15;0.9;000;0E;0154
94016_1475_00022;94016_1475;22;;Rue Condorcet;94230;94016;Cachan;;;650385.21;6855173.03;2.324601;48.79473;entrée;;;CACHAN;RUE CONDORCET;inconnue;inconnue;0;940160000E0141;4a7f8c55-f8a8-48bb-afd8-0245117cfd99;a643e759-b320-4a56-8721-ce382040e9cd;e1ce01e3-3ad8-4ae8-b38b-91ad0bc88d58;nearest;1.53;0.9;000;0E;0141
94016_1475_00023;94016_1475;23;;Rue Condorcet;94230;94016;Cachan;;;650388.98;6855159.1;2.324654;48.794605;entrée;;;CACHAN;RUE CONDORCET;inconnue;inconnue;0;940160000E0152;896e74ee-d601-4be6-839c-c00a7f157864;a643e759-b320-4a56-8721-ce382040e9cd;e1ce01e3-3ad8-4ae8-b38b-91ad0bc88d58;nearest;0.88;0.9;000;0E;0152
94016_1475_00024;94016_1475;24;;Rue Condorcet;94230;94016;Cachan;;;650381.98;6855164.17;2.324558;48.79465;entrée;;;CACHAN;RUE CONDORCET;inconnue;inconnue;0;940160000E0142;bab0eddb-4138-4e38-953f-c65c36c27cd3;a643e759-b320-4a56-8721-ce382040e9cd;e1ce01e3-3ad8-4ae8-b38b-91ad0bc88d58;nearest;1.47;0.9;000;0E;0142
94016_1475_00025;94016_1475;25;;Rue Condorcet;94230;94016;Cachan;;;650391.98;6855166.08;2.324694;48.794668;entrée;;;CACHAN;RUE CONDORCET;inconnue;inconnue;0;940160000E0153;9a545276-7203-47dd-9eae-81fcec3cea1a;a643e759-b320-4a56-8721-ce382040e9cd;e1ce01e3-3ad8-4ae8-b38b-91ad0bc88d58;nearest;0.27;0.9;000;0E;0153
94016_1475_00026;94016_1475;26;;Rue Condorcet;94230;94016;Cachan;;;650378.59;6855154.85;2.324513;48.794566;entrée;;;CACHAN;RUE CONDORCET;inconnue;inconnue;0;940160000E0143;784e6644-e853-44b7-b1c7-b9b52e3886cf;a643e759-b320-4a56-8721-ce382040e9cd;e1ce01e3-3ad8-4ae8-b38b-91ad0bc88d58;nearest;1.46;0.9;000;0E;0143
94016_1475_00027;94016_1475;27;;Rue Condorcet;94230;94016;Cachan;;;650388.22;6855155.55;2.324644;48.794573;entrée;;;CACHAN;RUE CONDORCET;inconnue;inconnue;0;940160000E0152;51e2af36-13aa-49b5-be05-60dcfbbe2b1f;a643e759-b320-4a56-8721-ce382040e9cd;e1ce01e3-3ad8-4ae8-b38b-91ad0bc88d58;nearest;0.17;0.9;000;0E;0152
94016_1475_00029;94016_1475;29;;Rue Condorcet;94230;94016;Cachan;;;650384.01;6855144.13;2.324588;48.79447;entrée;;;CACHAN;RUE CONDORCET;inconnue;inconnue;0;940160000E0151;9286726a-e64e-48a4-962d-298436bb6af2;a643e759-b320-4a56-8721-ce382040e9cd;e1ce01e3-3ad8-4ae8-b38b-91ad0bc88d58;nearest;0.26;0.9;000;0E;0151
94016_1475_00030;94016_1475;30;;Rue Condorcet;94230;94016;Cachan;;;650374.6;6855143.66;2.32446;48.794465;entrée;;;CACHAN;RUE CONDORCET;inconnue;inconnue;0;940160000E0115;3472f693-e2bc-4871-944f-c62ed619225a;a643e759-b320-4a56-8721-ce382040e9cd;e1ce01e3-3ad8-4ae8-b38b-91ad0bc88d58;nearest;1.55;0.9;000;0E;0115
94016_1475_00031;94016_1475;31;;Rue Condorcet;94230;94016;Cachan;;;650380.09;6855133.16;2.324536;48.794371;entrée;;;CACHAN;RUE CONDORCET;inconnue;inconnue;0;940160000E0150;a9522b3c-ebce-48c8-890a-3ec620850646;a643e759-b320-4a56-8721-ce382040e9cd;e1ce01e3-3ad8-4ae8-b38b-91ad0bc88d58;nearest;0.18;0.9;000;0E;0150
94016_1475_00032;94016_1475;32;;Rue Condorcet;94230;94016;Cachan;;;650370.99;6855133.57;2.324412;48.794374;entrée;;;CACHAN;RUE CONDORCET;inconnue;inconnue;0;940160000E0144;93cd09fb-d5db-4b89-b449-d65b5a9983e8;a643e759-b320-4a56-8721-ce382040e9cd;e1ce01e3-3ad8-4ae8-b38b-91ad0bc88d58;nearest;1.6;0.9;000;0E;0144
94016_1475_00038;94016_1475;38;;Rue Condorcet;94230;94016;Cachan;;;650367.68;6855124.59;2.324368;48.794293;entrée;;;CACHAN;RUE CONDORCET;inconnue;inconnue;0;940160000E0145;217069db-d584-430e-af88-67d0c1a7468b;a643e759-b320-4a56-8721-ce382040e9cd;e1ce01e3-3ad8-4ae8-b38b-91ad0bc88d58;nearest;1.53;0.9;000;0E;0145
94016_1475_00040;94016_1475;40;;Rue Condorcet;94230;94016;Cachan;;;650363.77;6855113.95;2.324316;48.794197;entrée;;;CACHAN;RUE CONDORCET;inconnue;inconnue;0;940160000E0146;934cb552-2c52-4031-9648-36c67c8319cf;a643e759-b320-4a56-8721-ce382040e9cd;e1ce01e3-3ad8-4ae8-b38b-91ad0bc88d58;nearest;1.48;0.9;000;0E;0146
94016_1475_00009_bis;94016_1475;9;bis;Rue Condorcet;94230;94016;Cachan;;;650412.91;6855224.72;2.324972;48.795197;entrée;;;CACHAN;RUE CONDORCET;inconnue;inconnue;0;940160000E0159;f54b0379-28fc-41c2-877f-515b93aec72c;a643e759-b320-4a56-8721-ce382040e9cd;e1ce01e3-3ad8-4ae8-b38b-91ad0bc88d58;nearest;0.82;0.9;000;0E;0159
94016_7195_00001;94016_7195;1;;Rue de Provigny;94230;94016;Cachan;;;650880.04;6855404.33;2.33131;48.796848;entrée;;;CACHAN;RUE DE PROVIGNY;inconnue;inconnue;0;940160000S0116;8f4c3806-7380-4187-be4e-cbc4450307f2;4cb1fbde-fb55-4cee-895a-fb283ad298c9;e1ce01e3-3ad8-4ae8-b38b-91ad0bc88d58;nearest;10.41;0.75;000;0S;0116
94016_7195_00002;94016_7195;2;;Rue de Provigny;94230;94016;Cachan;;;650879.31;6855683.1;2.331268;48.799355;entrée;;;CACHAN;RUE DE PROVIGNY;inconnue;inconnue;0;940160000B0053;3b8f9427-2920-49d9-bab4-e974e3611d33;4cb1fbde-fb55-4cee-895a-fb283ad298c9;e1ce01e3-3ad8-4ae8-b38b-91ad0bc88d58;nearest;1.62;0.9;000;0B;0053
94016_7195_00003;94016_7195;3;;Rue de Provigny;94230;94016;Cachan;;;650875.23;6855409.15;2.331244;48.796891;entrée;;;CACHAN;RUE DE PROVIGNY;inconnue;inconnue;0;;7b6e080b-0425-4f21-84d8-13a5897810ab;4cb1fbde-fb55-4cee-895a-fb283ad298c9;e1ce01e3-3ad8-4ae8-b38b-91ad0bc88d58;missing;;0.0;;;
94016_7195_00004;94016_7195;4;;Rue de Provigny;94230;94016;Cachan;;;650880.42;6855666.85;2.331285;48.799209;entrée;;;CACHAN;RUE DE PROVIGNY;inconnue;inconnue;0;940160000B0112;5ffc01ae-1567-4cec-98f9-6e0e7e565f87;4cb1fbde-fb55-4cee-895a-fb283ad298c9;e1ce01e3-3ad8-4ae8-b38b-91ad0bc88d58;nearest;9.78;0.75;000;0B;0112
94016_7195_00006;94016_7195;6;;Rue de Provigny;94230;94016;Cachan;;;650865.09;6855635.18;2.33108;48.798923;entrée;;;CACHAN;RUE DE PROVIGNY;inconnue;inconnue;0;940160000B0147;003e3f66-6823-4a23-8b88-d1f15211c4c8;4cb1fbde-fb55-4cee-895a-fb283ad298c9;e1ce01e3-3ad8-4ae8-b38b-91ad0bc88d58;nearest;1.55;0.9;000;0B;0147
94016_7195_00008;94016_7195;8;;Rue de Provigny;94230;94016;Cachan;;;650856.32;6855605.45;2.330964;48.798655;entrée;;;CACHAN;RUE DE PROVIGNY;inconnue;inconnue;0;940160000B0144;36aa6a5a-b2bf-435c-bbf2-7a520ae02b18;4cb1fbde-fb55-4cee-895a-fb283ad298c9;e1ce01e3-3ad8-4ae8-b38b-91ad0bc88d58;nearest;0.21;0.9;000;0B;0144
94016_7195_00009;94016_7195;9;;Rue de Provigny;94230;94016;Cachan;;;650877.4;6855630.74;2.331248;48.798884;entrée;;;CACHAN;RUE DE PROVIGNY;inconnue;inconnue;0;940160000S0116;4ff3e5c6-85f7-41c1-a643-e10497fd1ed6;4cb1fbde-fb55-4cee-895a-fb283ad298c9;e1ce01e3-3ad8-4ae8-b38b-91ad0bc88d58;nearest;4.13;0.9;000;0S;0116
94016_7195_00010;94016_7195;10;;Rue de Provigny;94230;94016;Cachan;;;650860.57;6855569.39;2.331026;48.798331;segment;;;CACHAN;RUE DE PROVIGNY;inconnue;inconnue;0;940160000B0144;3c8bcf4b-1eb9-4054-95e6-8106f027675a;4cb1fbde-fb55-4cee-895a-fb283ad298c9;e1ce01e3-3ad8-4ae8-b38b-91ad0bc88d58;nearest;5.31;0.75;000;0B;0144
94016_7195_00011;94016_7195;11;;Rue de Provigny;94230;94016;Cachan;;;650976.07;6855554.74;2.3326;48.798208;entrée;;;CACHAN;RUE DE PROVIGNY;inconnue;inconnue;0;940160000S0116;da58bc90-bc2c-4523-9e45-412fb7395ea9;4cb1fbde-fb55-4cee-895a-fb283ad298c9;e1ce01e3-3ad8-4ae8-b38b-91ad0bc88d58;nearest;2.14;0.9;000;0S;0116
94016_7195_00012;94016_7195;12;;Rue de Provigny;94230;94016;Cachan;;;650858.3;6855561.96;2.330996;48.798264;entrée;;;CACHAN;RUE DE PROVIGNY;inconnue;inconnue;0;940160000B0144;fa05dce1-e86d-4af4-9262-2fd437e4f38a;4cb1fbde-fb55-4cee-895a-fb283ad298c9;e1ce01e3-3ad8-4ae8-b38b-91ad0bc88d58;nearest;1.63;0.9;000;0B;0144
94016_7195_00014;94016_7195;14;;Rue de Provigny;94230;94016;Cachan;;;650861.27;6855504.78;2.331043;48.79775;entrée;;;CACHAN;RUE DE PROVIGNY;inconnue;inconnue;0;940160000B0128;3f8dd028-e65b-421f-8af3-66209b457291;4cb1fbde-fb55-4cee-895a-fb283ad298c9;e1ce01e3-3ad8-4ae8-b38b-91ad0bc88d58;nearest;2.65;0.9;000;0B;0128
94016_7195_00016;94016_7195;16;;Rue de Provigny;94230;94016;Cachan;;;650862.09;6855496.99;2.331055;48.79768;entrée;;;CACHAN;RUE DE PROVIGNY;inconnue;inconnue;0;940160000B0142;e14523ec-be91-4f25-b176-80876e30bc45;4cb1fbde-fb55-4cee-895a-fb283ad298c9;e1ce01e3-3ad8-4ae8-b38b-91ad0bc88d58;nearest;2.59;0.9;000;0B;0142
94016_7195_00024;94016_7195;24;;Rue de Provigny;94230;94016;Cachan;;;650865.53;6855435.14;2.331109;48.797124;entrée;;;CACHAN;RUE DE PROVIGNY;inconnue;inconnue;0;940160000B0020;1ef23d12-3307-4b4c-a82f-6608edab4173;4cb1fbde-fb55-4cee-895a-fb283ad298c9;e1ce01e3-3ad8-4ae8-b38b-91ad0bc88d58;nearest;1.62;0.9;000;0B;0020
94016_7195_00004_bis;94016_7195;4;bis;Rue de Provigny;94230;94016;Cachan;;;650872.66;6855661.36;2.33118;48.799159;entrée;;;CACHAN;RUE DE PROVIGNY;inconnue;inconnue;0;940160000B0080;9aa5a7b4-f507-4b84-8698-b165938baf5b;4cb1fbde-fb55-4cee-895a-fb283ad298c9;e1ce01e3-3ad8-4ae8-b38b-91ad0bc88d58;nearest;1.24;0.9;000;0B;0080
94016_7195_00006_bis;94016_7195;6;bis;Rue de Provigny;94230;94016;Cachan;;;650860.31;6855617.1;2.331017;48.79876;entrée;;;CACHAN;RUE DE PROVIGNY;inconnue;inconnue;0;940160000B0146;e9a7eb3a-39b3-41b0-a4b6-7ce21f1fb961;4cb1fbde-fb55-4cee-895a-fb283ad298c9;e1ce01e3-3ad8-4ae8-b38b-91ad0bc88d58;nearest;2.43;0.9;000;0B;0146
94016_6111_00037;94016_6111;37;;Rue de la Madeleine;94230;94016;Cachan;;;650377.37;6853783.75;2.324656;48.782235;segment;;;CACHAN;RUE DE LA MADELEINE;inconnue;inconnue;0;940160000M0189;9716c9ea-0ceb-47ae-9552-0185a3efbc72;3b67de00-4ea7-48eb-925c-8870254441bf;e1ce01e3-3ad8-4ae8-b38b-91ad0bc88d58;nearest;1.83;0.9;000;0M;0189
94016_6111_00039;94016_6111;39;;Rue de la Madeleine;94230;94016;Cachan;;;650398.91;6853776.23;2.32495;48.782169;entrée;;;CACHAN;RUE DE LA MADELEINE;inconnue;inconnue;0;940160000M0128;76b69a8f-64a7-4466-83e9-acd22f2c1281;3b67de00-4ea7-48eb-925c-8870254441bf;e1ce01e3-3ad8-4ae8-b38b-91ad0bc88d58;nearest;1.4;0.9;000;0M;0128
94016_6111_00041;94016_6111;41;;Rue de la Madeleine;94230;94016;Cachan;;;650418.32;6853769.06;2.325215;48.782106;entrée;;;CACHAN;RUE DE LA MADELEINE;inconnue;inconnue;0;940160000M0023;8beaf2fb-46f8-419b-98db-060f1846ab84;3b67de00-4ea7-48eb-925c-8870254441bf;e1ce01e3-3ad8-4ae8-b38b-91ad0bc88d58;nearest;1.58;0.9;000;0M;0023
94016_6111_00043;94016_6111;43;;Rue de la Madeleine;94230;94016;Cachan;;;650430.97;6853779.51;2.325386;48.782201;entrée;;;CACHAN;RUE DE LA MADELEINE;inconnue;inconnue;0;940160000M0023;6dc0cb1a-fa61-4adb-80e4-3c408b81c1d7;3b67de00-4ea7-48eb-925c-8870254441bf;e1ce01e3-3ad8-4ae8-b38b-91ad0bc88d58;within;0.0;1.0;000;0M;0023
94016_6111_00045;94016_6111;45;;Rue de la Madeleine;94230;94016;Cachan;;;650431.87;6853763.94;2.3254;48.782061;entrée;;;CACHAN;RUE DE LA MADELEINE;inconnue;inconnue;0;940160000M0024;8b266577-caee-4913-9d8e-2c15b99eaefb;3b67de00-4ea7-48eb-925c-8870254441bf;e1ce01e3-3ad8-4ae8-b38b-91ad0bc88d58;nearest;1.81;0.9;000;0M;0024
94016_6111_00047;94016_6111;47;;Rue de la Madeleine;94230;94016;Cachan;;;650441.32;6853760.97;2.325529;48.782035;entrée;;;CACHAN;RUE DE LA MADELEINE;inconnue;inconnue;0;940160000M0025;7aa6d6ea-7a04-4d6a-aafe-66e9294388c9;3b67de00-4ea7-48eb-925c-8870254441bf;e1ce01e3-3ad8-4ae8-b38b-91ad0bc88d58;nearest;1.38;0.9;000;0M;0025
94016_6111_00049;94016_6111;49;;Rue de la Madeleine;94230;94016;Cachan;;;650452.3;6853756.31;2.325679;48.781994;entrée;;;CACHAN;RUE DE LA MADELEINE;inconnue;inconnue;0;940160000M0026;e8d202ab-f12a-4141-88b6-403e7ba73d8b;3b67de00-4ea7-48eb-925c-8870254441bf;e1ce01e3-3ad8-4ae8-b38b-91ad0bc88d58;nearest;1.5;0.9;000;0M;0026
94016_6111_00039_bis;94016_6111;39;bis;Rue de la Madeleine;94230;94016;Cachan;;;650406.3;6853773.16;2.325051;48.782142;entrée;;;CACHAN;RUE DE LA MADELEINE;inconnue;inconnue;0;940160000M0022;f441d0e6-65ca-4d48-a74b-e20e4111bab9;3b67de00-4ea7-48eb-925c-8870254441bf;e1ce01e3-3ad8-4ae8-b38b-91ad0bc88d58;nearest;1.8;0.9;000;0M;0022
94016_0650_00001;94016_0650;1;;Impasse Benoit Guichon;94230;94016;Cachan;;;650580.3;6855463.25;2.327223;48.797355;entrée;;;CACHAN;IMPASSE BENOIT GUICHON;inconnue;inconnue;0;940160000C0153;3c4405c1-dae5-4384-be57-dd57b8bb37af;6c55fc3f-bb80-404d-820e-c64958cb548e;e1ce01e3-3ad8-4ae8-b38b-91ad0bc88d58;nearest;0.23;0.9;000;0C;0153
94016_0650_00002;94016_0650;2;;Impasse Benoit Guichon;94230;94016;Cachan;;;650583.02;6855471.45;2.327259;48.797429;entrée;;;CACHAN;IMPASSE BENOIT GUICHON;inconnue;inconnue;0;940160000C0178;faad8235-74b4-458d-897b-4ab6be7c60d6;6c55fc3f-bb80-404d-820e-c64958cb548e;e1ce01e3-3ad8-4ae8-b38b-91ad0bc88d58;nearest;0.85;0.9;000;0C;0178
94016_0650_00003;94016_0650;3;;Impasse Benoit Guichon;94230;94016;Cachan;;;650569.98;6855466.9;2.327082;48.797387;entrée;;;CACHAN;IMPASSE BENOIT GUICHON;inconnue;inconnue;0;940160000C0154;96902061-0adc-4ac8-bce5-adc9b3b7b227;6c55fc3f-bb80-404d-820e-c64958cb548e;e1ce01e3-3ad8-4ae8-b38b-91ad0bc88d58;nearest;0.23;0.9;000;0C;0154
94016_0650_00004;94016_0650;4;;Impasse Benoit Guichon;94230;94016;Cachan;;;650578.18;6855473.05;2.327193;48.797443;entrée;;;CACHAN;IMPASSE BENOIT GUICHON;inconnue;inconnue;0;940160000C0177;af2c4ca0-5921-4e39-9c1b-5706b2bf745b;6c55fc3f-bb80-404d-820e-c64958cb548e;e1ce01e3-3ad8-4ae8-b38b-91ad0bc88d58;nearest;0.99;0.9;000;0C;0177
94016_0650_00005;94016_0650;5;;Impasse Benoit Guichon;94230;94016;Cachan;;;650557.6;6855471.23;2.326913;48.797425;entrée;;;CACHAN;IMPASSE BENOIT GUICHON;inconnue;inconnue;0;940160000C0155;9778ff7a-5b41-4ad4-82fb-01cc6c163e01;6c55fc3f-bb80-404d-820e-c64958cb548e;e1ce01e3-3ad8-4ae8-b38b-91ad0bc88d58;nearest;0.18;0.9;000;0C;0155
94016_0650_00006;94016_0650;6;;Impasse Benoit Guichon;94230;94016;Cachan;;;650575.7;6855474.74;2.327159;48.797458;entrée;;;CACHAN;IMPASSE BENOIT GUICHON;inconnue;inconnue;0;940160000C0177;678504c5-5da6-48fd-a5c5-de39bdabcb73;6c55fc3f-bb80-404d-820e-c64958cb548e;e1ce01e3-3ad8-4ae8-b38b-91ad0bc88d58;nearest;0.22;0.9;000;0C;0177
94016_0650_00007;94016_0650;7;;Impasse Benoit Guichon;94230;94016;Cachan;;;650542.81;6855476.58;2.326711;48.797472;entrée;;;CACHAN;IMPASSE BENOIT GUICHON;inconnue;inconnue;0;940160000C0156;bee017c0-506e-411b-975c-04372c257d20;6c55fc3f-bb80-404d-820e-c64958cb548e;e1ce01e3-3ad8-4ae8-b38b-91ad0bc88d58;nearest;0.3;0.9;000;0C;0156
94016_0650_00008;94016_0650;8;;Impasse Benoit Guichon;94230;94016;Cachan;;;650566.47;6855477.27;2.327033;48.79748;entrée;;;CACHAN;IMPASSE BENOIT GUICHON;inconnue;inconnue;0;940160000C0175;eaedd4a8-705d-4846-88f6-ea5e54e27255;6c55fc3f-bb80-404d-820e-c64958cb548e;e1ce01e3-3ad8-4ae8-b38b-91ad0bc88d58;nearest;0.98;0.9;000;0C;0175
94016_0650_00009;94016_0650;9;;Impasse Benoit Guichon;94230;94016;Cachan;;;650511.82;6855487.29;2.326288;48.797566;entrée;;;CACHAN;IMPASSE BENOIT GUICHON;inconnue;inconnue;0;940160000C0158;cbf10e76-d6dd-489b-9551-5340ff2130ac;6c55fc3f-bb80-404d-820e-c64958cb548e;e1ce01e3-3ad8-4ae8-b38b-91ad0bc88d58;nearest;0.01;0.9;000;0C;0158
94016_0650_00010;94016_0650;10;;Impasse Benoit Guichon;94230;94016;Cachan;;;650557.02;6855480.35;2.326904;48.797507;entrée;;;CACHAN;IMPASSE BENOIT GUICHON;inconnue;inconnue;0;940160000C0174;f0291f32-10f0-4104-a6c9-4a0bc60d811b;6c55fc3f-bb80-404d-820e-c64958cb548e;e1ce01e3-3ad8-4ae8-b38b-91ad0bc88d58;nearest;1.26;0.9;000;0C;0174
94016_0650_00011;94016_0650;11;;Impasse Benoit Guichon;94230;94016;Cachan;;;650502.23;6855490.93;2.326157;48.797598;entrée;;;CACHAN;IMPASSE BENOIT GUICHON;inconnue;inconnue;0;940160000C0159;d40a2109-ac75-42a5-a4c6-dfe0b3fd9394;6c55fc3f-bb80-404d-820e-c64958cb548e;e1ce01e3-3ad8-4ae8-b38b-91ad0bc88d58;nearest;0.21;0.9;000;0C;0159
94016_0650_00012;94016_0650;12;;Impasse Benoit Guichon;94230;94016;Cachan;;;650530.36;6855490.58;2.32654;48.797597;segment;;;CACHAN;IMPASSE BENOIT GUICHON;inconnue;inconnue;0;940160000C0172;191265bc-4e10-45cd-8594-c2d42cc78099;6c55fc3f-bb80-404d-820e-c64958cb548e;e1ce01e3-3ad8-4ae8-b38b-91ad0bc88d58;nearest;0.47;0.9;000;0C;0172
94016_0650_00016;94016_0650;16;;Impasse Benoit Guichon;94230;94016;Cachan;;;650495.79;6855501.78;2.326068;48.797695;entrée;;;CACHAN;IMPASSE BENOIT GUICHON;inconnue;inconnue;0;940160000C0290;5608b667-a3c8-4c9f-bc50-75664fd11ade;6c55fc3f-bb80-404d-820e-c64958cb548e;e1ce01e3-3ad8-4ae8-b38b-91ad0bc88d58;nearest;1.57;0.9;000;0C;0290
94016_0650_00001_bis;94016_0650;1;bis;Impasse Benoit Guichon;94230;94016;Cachan;;;650585.52;6855463.65;2.327294;48.797359;entrée;;;CACHAN;IMPASSE BENOIT GUICHON;inconnue;inconnue;0;940160000C0196;bf360854-d874-4c4d-920f-b171aa19927e;6c55fc3f-bb80-404d-820e-c64958cb548e;e1ce01e3-3ad8-4ae8-b38b-91ad0bc88d58;nearest;1.21;0.9;000;0C;0196
94016_0650_00007_bis;94016_0650;7;bis;Impasse Benoit Guichon;94230;94016;Cachan;;;650524.21;6855483.63;2.326457;48.797534;entrée;;;CACHAN;IMPASSE BENOIT GUICHON;inconnue;inconnue;0;940160000C0157;58be4abb-ab17-4de4-a275-e5272414b25d;6c55fc3f-bb80-404d-820e-c64958cb548e;e1ce01e3-3ad8-4ae8-b38b-91ad0bc88d58;nearest;0.73;0.9;000;0C;0157
94016_9635_00001;94016_9635;1;;Rue de Verdun;94230;94016;Cachan;;;650284.01;6854997.44;2.323244;48.793143;entrée;;;CACHAN;RUE DE VERDUN;inconnue;inconnue;0;940160000H0114;63ac3d40-7114-465f-bd19-dc2003c83cfa;86830246-3903-45ba-9b9c-37a5288e9559;e1ce01e3-3ad8-4ae8-b38b-91ad0bc88d58;nearest;0.54;0.9;000;0H;0114
94016_9635_00002;94016_9635;2;;Rue de Verdun;94230;94016;Cachan;;;650277.23;6855002.72;2.323151;48.79319;entrée;;;CACHAN;RUE DE VERDUN;inconnue;inconnue;0;940160000H0094;a7091c7b-cdc7-48a8-a1ab-4d2743aef59b;86830246-3903-45ba-9b9c-37a5288e9559;e1ce01e3-3ad8-4ae8-b38b-91ad0bc88d58;nearest;1.23;0.9;000;0H;0094
94016_9635_00003;94016_9635;3;;Rue de Verdun;94230;94016;Cachan;;;650271.32;6854982.42;2.323073;48.793007;entrée;;;CACHAN;RUE DE VERDUN;inconnue;inconnue;0;940160000H0113;79b1ff07-820f-47f9-b998-b7ad067bc04b;86830246-3903-45ba-9b9c-37a5288e9559;e1ce01e3-3ad8-4ae8-b38b-91ad0bc88d58;nearest;0.53;0.9;000;0H;0113
94016_9635_00004;94016_9635;4;;Rue de Verdun;94230;94016;Cachan;;;650265.87;6854989.36;2.322998;48.793069;entrée;;;CACHAN;RUE DE VERDUN;inconnue;inconnue;0;940160000H0093;6723d2ee-d16e-42c2-a5fe-51e1243dc5cc;86830246-3903-45ba-9b9c-37a5288e9559;e1ce01e3-3ad8-4ae8-b38b-91ad0bc88d58;nearest;1.09;0.9;000;0H;0093
94016_9635_00005;94016_9635;5;;Rue de Verdun;94230;94016;Cachan;;;650263.38;6854972.93;2.322966;48.792921;entrée;;;CACHAN;RUE DE VERDUN;inconnue;inconnue;0;940160000H0112;e8b30e59-7a71-4d3e-bcdd-f009d18413a5;86830246-3903-45ba-9b9c-37a5288e9559;e1ce01e3-3ad8-4ae8-b38b-91ad0bc88d58;nearest;0.45;0.9;000;0H;0112
94016_9635_00007;94016_9635;7;;Rue de Verdun;94230;94016;Cachan;;;650256.11;6854964.43;2.322868;48.792844;entrée;;;CACHAN;RUE DE VERDUN;inconnue;inconnue;0;940160000H0111;f71ac467-5d8b-415a-bd8c-192509674fea;86830246-3903-45ba-9b9c-37a5288e9559;e1ce01e3-3ad8-4ae8-b38b-91ad0bc88d58;nearest;0.53;0.9;000;0H;0111
94016_9635_00013;94016_9635;13;;Rue de Verdun;94230;94016;Cachan;;;650224.8;6854911.99;2.322448;48.79237;entrée;;;CACHAN;RUE DE VERDUN;inconnue;inconnue;0;940160000H0153;5f0ce03c-f7bc-4a18-901d-16ce6e14f8fb;86830246-3903-45ba-9b9c-37a5288e9559;e1ce01e3-3ad8-4ae8-b38b-91ad0bc88d58;nearest;0.53;0.9;000;0H;0153
94016_9635_00015;94016_9635;15;;Rue de Verdun;94230;94016;Cachan;;;650201.49;6854848.81;2.322138;48.7918;segment;;;CACHAN;RUE DE VERDUN;inconnue;inconnue;0;940160000H0085;730056bb-3737-4729-a5b0-acdbae4da72a;86830246-3903-45ba-9b9c-37a5288e9559;e1ce01e3-3ad8-4ae8-b38b-91ad0bc88d58;nearest;0.97;0.9;000;0H;0085
94016_9635_00016;94016_9635;16;;Rue de Verdun;94230;94016;Cachan;;;650201.57;6854875.61;2.322136;48.792041;entrée;;;CACHAN;RUE DE VERDUN;inconnue;inconnue;0;940160000H0107;d2fca31e-de10-4c6b-bdb5-54b0424bc0f8;86830246-3903-45ba-9b9c-37a5288e9559;e1ce01e3-3ad8-4ae8-b38b-91ad0bc88d58;nearest;1.25;0.9;000;0H;0107
94016_9635_00017;94016_9635;17;;Rue de Verdun;94230;94016;Cachan;;;650181.13;6854805.51;2.321866;48.791409;entrée;;;CACHAN;RUE DE VERDUN;inconnue;inconnue;0;940160000H0031;d6517319-4132-45c7-84b9-e5e06828d00e;86830246-3903-45ba-9b9c-37a5288e9559;e1ce01e3-3ad8-4ae8-b38b-91ad0bc88d58;nearest;1.27;0.9;000;0H;0031
94016_9635_00018;94016_9635;18;;Rue de Verdun;94230;94016;Cachan;;;650192.82;6854866.01;2.322018;48.791954;;;;CACHAN;RUE DE VERDUN;arcep;inconnue;0;940160000H0083;4b26b1d3-fdb8-4b41-8b42-751de242707a;86830246-3903-45ba-9b9c-37a5288e9559;e1ce01e3-3ad8-4ae8-b38b-91ad0bc88d58;within;0.0;1.0;000;0H;0083
94016_9635_00019;94016_9635;19;;Rue de Verdun;94230;94016;Cachan;;;650174.68;6854789.55;2.32178;48.791265;entrée;;;CACHAN;RUE DE VERDUN;inconnue;inconnue;0;940160000H0152;48486c83-9e26-4ccb-ac61-d4d30b4b5760;86830246-3903-45ba-9b9c-37a5288e9559;e1ce01e3-3ad8-4ae8-b38b-91ad0bc88d58;nearest;0.17;0.9;000;0H;0152
94016_9635_00020;94016_9635;20;;Rue de Verdun;94230;94016;Cachan;;;650180.41;6854823.75;2.321854;48.791573;entrée;;;CACHAN;RUE DE VERDUN;inconnue;inconnue;0;940160000H0052;df360d8f-bde9-4384-b275-81a980375629;86830246-3903-45ba-9b9c-37a5288e9559;e1ce01e3-3ad8-4ae8-b38b-91ad0bc88d58;nearest;1.06;0.9;000;0H;0052
94016_9635_00021;94016_9635;21;;Rue de Verdun;94230;94016;Cachan;;;650169.58;6854778.48;2.321712;48.791165;entrée;;;CACHAN;RUE DE VERDUN;inconnue;inconnue;0;940160000H0033;dd2f3339-ff6f-4d21-9630-ca964661849d;86830246-3903-45ba-9b9c-37a5288e9559;e1ce01e3-3ad8-4ae8-b38b-91ad0bc88d58;nearest;0.2;0.9;000;0H;0033
94016_9635_00022;94016_9635;22;;Rue de Verdun;94230;94016;Cachan;;;650175.01;6854811.9;2.321782;48.791466;entrée;;;CACHAN;RUE DE VERDUN;inconnue;inconnue;0;940160000H0147;e5d5a57b-4ef5-4108-9505-801117ad3db2;86830246-3903-45ba-9b9c-37a5288e9559;e1ce01e3-3ad8-4ae8-b38b-91ad0bc88d58;nearest;1.1;0.9;000;0H;0147
94016_9635_00023;94016_9635;23;;Rue de Verdun;94230;94016;Cachan;;;650164.87;6854768.85;2.321649;48.791078;entrée;;;CACHAN;RUE DE VERDUN;inconnue;inconnue;0;940160000H0034;5e637111-81b8-4e5b-aec3-e3cd4faeb863;86830246-3903-45ba-9b9c-37a5288e9559;e1ce01e3-3ad8-4ae8-b38b-91ad0bc88d58;nearest;0.58;0.9;000;0H;0034
94016_9635_00024;94016_9635;24;;Rue de Verdun;94230;94016;Cachan;;;650167.38;6854795.07;2.32168;48.791314;entrée;;;CACHAN;RUE DE VERDUN;inconnue;inconnue;0;940160000H0156;3ef6b46e-5790-4472-86fb-a110b3068503;86830246-3903-45ba-9b9c-37a5288e9559;e1ce01e3-3ad8-4ae8-b38b-91ad0bc88d58;nearest;1.17;0.9;000;0H;0156
94016_9635_00025;94016_9635;25;;Rue de Verdun;94230;94016;Cachan;;;650161.27;6854760.31;2.321601;48.791001;entrée;;;CACHAN;RUE DE VERDUN;inconnue;inconnue;0;940160000H0035;ef54eab6-1aae-4608-adbb-851d893ac179;86830246-3903-45ba-9b9c-37a5288e9559;e1ce01e3-3ad8-4ae8-b38b-91ad0bc88d58;nearest;0.19;0.9;000;0H;0035
94016_9635_00026;94016_9635;26;;Rue de Verdun;94230;94016;Cachan;;;650145.24;6854783.47;2.32138;48.791208;;;;CACHAN;RUE DE VERDUN;arcep;inconnue;0;940160000H0150;20138760-a0f2-4d1a-a523-21b7060306a0;86830246-3903-45ba-9b9c-37a5288e9559;e1ce01e3-3ad8-4ae8-b38b-91ad0bc88d58;within;0.0;1.0;000;0H;0150
94016_9635_00027;94016_9635;27;;Rue de Verdun;94230;94016;Cachan;;;650157.08;6854751.34;2.321545;48.79092;entrée;;;CACHAN;RUE DE VERDUN;inconnue;inconnue;0;940160000H0036;8988a452-5abe-426f-8ca0-eb1e18717d2e;86830246-3903-45ba-9b9c-37a5288e9559;e1ce01e3-3ad8-4ae8-b38b-91ad0bc88d58;nearest;0.3;0.9;000;0H;0036
94016_9635_00028;94016_9635;28;;Rue de Verdun;94230;94016;Cachan;;;650149.64;6854756.86;2.321443;48.790969;segment;;;CACHAN;RUE DE VERDUN;inconnue;inconnue;0;940160000H0150;b4e8e7aa-9dd7-45e3-889a-dc93e5139a81;86830246-3903-45ba-9b9c-37a5288e9559;e1ce01e3-3ad8-4ae8-b38b-91ad0bc88d58;nearest;0.88;0.9;000;0H;0150
94016_9635_00029;94016_9635;29;;Rue de Verdun;94230;94016;Cachan;;;650152.22;6854741.27;2.32148;48.790829;entrée;;;CACHAN;RUE DE VERDUN;inconnue;inconnue;0;940160000H0037;0fd4a3da-f3d0-494b-8951-9104703cb788;86830246-3903-45ba-9b9c-37a5288e9559;e1ce01e3-3ad8-4ae8-b38b-91ad0bc88d58;nearest;0.62;0.9;000;0H;0037
94016_9635_00030;94016_9635;30;;Rue de Verdun;94230;94016;Cachan;;;650131.06;6854716.1;2.321195;48.790601;entrée;;;CACHAN;RUE DE VERDUN;inconnue;inconnue;0;940160000H0040;328faa48-ee77-4b11-ad36-84668ec43f8d;86830246-3903-45ba-9b9c-37a5288e9559;e1ce01e3-3ad8-4ae8-b38b-91ad0bc88d58;nearest;1.04;0.9;000;0H;0040
94016_9635_00031;94016_9635;31;;Rue de Verdun;94230;94016;Cachan;;;650147.8;6854730.85;2.321421;48.790735;entrée;;;CACHAN;RUE DE VERDUN;inconnue;inconnue;0;940160000H0038;c2a06bb6-eab9-49d0-94f0-da2dae98d986;86830246-3903-45ba-9b9c-37a5288e9559;e1ce01e3-3ad8-4ae8-b38b-91ad0bc88d58;nearest;0.19;0.9;000;0H;0038
94016_4145_00003;94016_4145;3;;Impasse Germinal;94230;94016;Cachan;;;651719.82;6855278.52;2.342756;48.79578;entrée;;;CACHAN;IMPASSE GERMINAL;inconnue;inconnue;0;940160000V0121;41d3c81f-0547-43c1-bd75-4c995a9e62b9;5d36733e-5ed6-4074-81b1-40b1e2aff380;e1ce01e3-3ad8-4ae8-b38b-91ad0bc88d58;within;0.0;1.0;000;0V;0121
94016_4145_00004;94016_4145;4;;Impasse Germinal;94230;94016;Cachan;;;651699.51;6855283.7;2.342479;48.795825;entrée;;;CACHAN;IMPASSE GERMINAL;inconnue;inconnue;0;940160000V0116;7d387c6e-13cd-4962-8de5-c0b690396357;5d36733e-5ed6-4074-81b1-40b1e2aff380;e1ce01e3-3ad8-4ae8-b38b-91ad0bc88d58;within;0.0;1.0;000;0V;0116
94016_4145_00005;94016_4145;5;;Impasse Germinal;94230;94016;Cachan;;;651703.3;6855280.55;2.342531;48.795797;entrée;;;CACHAN;IMPASSE GERMINAL;inconnue;inconnue;0;940160000V0122;1a4ab816-2951-47ea-a0f8-622c5d7529f5;5d36733e-5ed6-4074-81b1-40b1e2aff380;e1ce01e3-3ad8-4ae8-b38b-91ad0bc88d58;within;0.0;1.0;000;0V;0122
94016_4145_00007;94016_4145;7;;Impasse Germinal;94230;94016;Cachan;;;651684.81;6855282.6;2.342279;48.795814;entrée;;;CACHAN;IMPASSE GERMINAL;inconnue;inconnue;0;940160000V0123;0b1edf91-7ae5-4939-9390-1f6249d88aba;5d36733e-5ed6-4074-81b1-40b1e2aff380;e1ce01e3-3ad8-4ae8-b38b-91ad0bc88d58;within;0.0;1.0;000;0V;0123
94016_4145_00009;94016_4145;9;;Impasse Germinal;94230;94016;Cachan;;;651672.99;6855283.81;2.342118;48.795824;entrée;;;CACHAN;IMPASSE GERMINAL;inconnue;inconnue;0;940160000V0124;cc5333a3-731a-4490-b0d5-235b495d3867;5d36733e-5ed6-4074-81b1-40b1e2aff380;e1ce01e3-3ad8-4ae8-b38b-91ad0bc88d58;within;0.0;1.0;000;0V;0124
94016_4145_00042;94016_4145;42;;Impasse Germinal;94230;94016;Cachan;;;651656.87;6855288.5;2.341898;48.795865;;;;CACHAN;IMPASSE GERMINAL;arcep;inconnue;0;940160000V0125;e3825089-705b-4e43-9258-13210073b7a0;5d36733e-5ed6-4074-81b1-40b1e2aff380;e1ce01e3-3ad8-4ae8-b38b-91ad0bc88d58;within;0.0;1.0;000;0V;0125
94016_4145_00004_ter;94016_4145;4;ter;Impasse Germinal;94230;94016;Cachan;;;651713.85;6855285.8;2.342674;48.795845;segment;;;CACHAN;IMPASSE GERMINAL;inconnue;inconnue;0;940160000V0117;b7642809-23c6-48a8-96f7-6f39be81ed46;5d36733e-5ed6-4074-81b1-40b1e2aff380;e1ce01e3-3ad8-4ae8-b38b-91ad0bc88d58;within;0.0;1.0;000;0V;0117
94016_4145_00004_bis;94016_4145;4;bis;Impasse Germinal;94230;94016;Cachan;;;651699.44;6855283.7;2.342478;48.795825;entrée;;;CACHAN;IMPASSE GERMINAL;inconnue;inconnue;0;940160000V0116;ecd06b32-2b7b-4f1c-bf99-389dc4f71ca7;5d36733e-5ed6-4074-81b1-40b1e2aff380;e1ce01e3-3ad8-4ae8-b38b-91ad0bc88d58;within;0.0;1.0;000;0V;0116
94016_7130_00001;94016_7130;1;;Avenue Paul Vaillant-couturier;94230;94016;Cachan;;;650401.57;6854568.67;2.324894;48.789296;entrée;;;CACHAN;AVENUE PAUL VAILLANT COUTURIER;inconnue;inconnue;0;940160000I0056;0a7ed121-a1a8-4c30-bfd1-9bc0fc5846b0;f85ee443-f91c-46ef-ab5a-067a14f26578;e1ce01e3-3ad8-4ae8-b38b-91ad0bc88d58;nearest;0.03;0.9;000;0I;0056
94016_7130_00003;94016_7130;3;;Avenue Paul Vaillant-couturier;94230;94016;Cachan;;;650388.83;6854574.45;2.32472;48.789347;entrée;;;CACHAN;AVENUE PAUL VAILLANT COUTURIER;inconnue;inconnue;0;940160000I0197;f59438ed-0c80-4f26-be81-194ee4f8fba9;f85ee443-f91c-46ef-ab5a-067a14f26578;e1ce01e3-3ad8-4ae8-b38b-91ad0bc88d58;within;0.0;1.0;000;0I;0197
94016_7130_00004;94016_7130;4;;Avenue Paul Vaillant-couturier;94230;94016;Cachan;;;650392.52;6854584.65;2.324769;48.789439;entrée;;;CACHAN;AVENUE PAUL VAILLANT COUTURIER;inconnue;inconnue;0;940160000I0034;3d1d1190-1e13-4c27-bada-539e5e8cff04;f85ee443-f91c-46ef-ab5a-067a14f26578;e1ce01e3-3ad8-4ae8-b38b-91ad0bc88d58;nearest;1.18;0.9;000;0I;0034
94016_7130_00005;94016_7130;5;;Avenue Paul Vaillant-couturier;94230;94016;Cachan;;;650378.73;6854579.1;2.324582;48.789388;entrée;;;CACHAN;AVENUE PAUL VAILLANT COUTURIER;inconnue;inconnue;0;940160000I0196;33c9dcdc-c0e7-421f-95df-acdd38a610d9;f85ee443-f91c-46ef-ab5a-067a14f26578;e1ce01e3-3ad8-4ae8-b38b-91ad0bc88d58;nearest;0.03;0.9;000;0I;0196
94016_7130_00006;94016_7130;6;;Avenue Paul Vaillant-couturier;94230;94016;Cachan;;;650381.03;6854589.86;2.324612;48.789485;entrée;;;CACHAN;AVENUE PAUL VAILLANT COUTURIER;inconnue;inconnue;0;940160000I0035;2f5e9921-7f79-40ae-9fb9-0487e9cfbc60;f85ee443-f91c-46ef-ab5a-067a14f26578;e1ce01e3-3ad8-4ae8-b38b-91ad0bc88d58;nearest;1.23;0.9;000;0I;0035
94016_7130_00007;94016_7130;7;;Avenue Paul Vaillant-couturier;94230;94016;Cachan;;;650368.49;6854583.74;2.324442;48.789429;entrée;;;CACHAN;AVENUE PAUL VAILLANT COUTURIER;inconnue;inconnue;0;940160000I0195;0c269dd0-a0da-4abf-83f5-e1a084f358a8;f85ee443-f91c-46ef-ab5a-067a14f26578;e1ce01e3-3ad8-4ae8-b38b-91ad0bc88d58;nearest;0.04;0.9;000;0I;0195
94016_7130_00008;94016_7130;8;;Avenue Paul Vaillant-couturier;94230;94016;Cachan;;;650370.93;6854594.51;2.324474;48.789526;entrée;;;CACHAN;AVENUE PAUL VAILLANT COUTURIER;inconnue;inconnue;0;940160000I0036;c10b486e-eb32-4a11-817b-092de3abebe7;f85ee443-f91c-46ef-ab5a-067a14f26578;e1ce01e3-3ad8-4ae8-b38b-91ad0bc88d58;nearest;1.23;0.9;000;0I;0036
94016_7130_00009;94016_7130;9;;Avenue Paul Vaillant-couturier;94230;94016;Cachan;;;650358.97;6854588.05;2.324312;48.789467;entrée;;;CACHAN;AVENUE PAUL VAILLANT COUTURIER;inconnue;inconnue;0;940160000I0162;afaf2c82-08d9-446c-9c10-0e203a92be03;f85ee443-f91c-46ef-ab5a-067a14f26578;e1ce01e3-3ad8-4ae8-b38b-91ad0bc88d58;within;0.0;1.0;000;0I;0162
94016_7130_00010;94016_7130;10;;Avenue Paul Vaillant-couturier;94230;94016;Cachan;;;650361.78;6854598.7;2.324349;48.789563;entrée;;;CACHAN;AVENUE PAUL VAILLANT COUTURIER;inconnue;inconnue;0;940160000I0037;35de533b-b8fb-4b0e-b0e2-dfcd962f6bb6;f85ee443-f91c-46ef-ab5a-067a14f26578;e1ce01e3-3ad8-4ae8-b38b-91ad0bc88d58;nearest;1.23;0.9;000;0I;0037
94016_7130_00011;94016_7130;11;;Avenue Paul Vaillant-couturier;94230;94016;Cachan;;;650348.22;6854593.03;2.324165;48.789511;entrée;;;CACHAN;AVENUE PAUL VAILLANT COUTURIER;inconnue;inconnue;0;940160000I0163;7bd6b6e2-ca7f-4e9b-af7e-f8f4b27d8cc8;f85ee443-f91c-46ef-ab5a-067a14f26578;e1ce01e3-3ad8-4ae8-b38b-91ad0bc88d58;nearest;0.06;0.9;000;0I;0163
94016_7130_00012;94016_7130;12;;Avenue Paul Vaillant-couturier;94230;94016;Cachan;;;650354.68;6854601.87;2.324252;48.789591;entrée;;;CACHAN;AVENUE PAUL VAILLANT COUTURIER;inconnue;inconnue;0;940160000I0038;7e3b337c-d149-4efc-8dad-3701175dab34;f85ee443-f91c-46ef-ab5a-067a14f26578;e1ce01e3-3ad8-4ae8-b38b-91ad0bc88d58;nearest;1.31;0.9;000;0I;0038
94016_7130_00013;94016_7130;13;;Avenue Paul Vaillant-couturier;94230;94016;Cachan;;;650338.63;6854597.45;2.324034;48.78955;entrée;;;CACHAN;AVENUE PAUL VAILLANT COUTURIER;inconnue;inconnue;0;940160000I0164;26539a4a-8aab-4c0b-aad8-5e2b403797ad;f85ee443-f91c-46ef-ab5a-067a14f26578;e1ce01e3-3ad8-4ae8-b38b-91ad0bc88d58;nearest;0.1;0.9;000;0I;0164
94016_7130_00014;94016_7130;14;;Avenue Paul Vaillant-couturier;94230;94016;Cachan;;;650337.27;6854609.92;2.324014;48.789662;entrée;;;CACHAN;AVENUE PAUL VAILLANT COUTURIER;inconnue;inconnue;0;940160000I0040;aad3643b-cd0f-4322-b1e1-4bcb3f8d0fa5;f85ee443-f91c-46ef-ab5a-067a14f26578;e1ce01e3-3ad8-4ae8-b38b-91ad0bc88d58;nearest;1.26;0.9;000;0I;0040
94016_7130_00015;94016_7130;15;;Avenue Paul Vaillant-couturier;94230;94016;Cachan;;;650328.6;6854601.99;2.323897;48.78959;entrée;;;CACHAN;AVENUE PAUL VAILLANT COUTURIER;inconnue;inconnue;0;940160000I0165;4ca9c810-012c-4cf5-8424-9f360b4f9011;f85ee443-f91c-46ef-ab5a-067a14f26578;e1ce01e3-3ad8-4ae8-b38b-91ad0bc88d58;nearest;0.06;0.9;000;0I;0165
94016_7130_00017;94016_7130;17;;Avenue Paul Vaillant-couturier;94230;94016;Cachan;;;650319.02;6854606.41;2.323766;48.789629;entrée;;;CACHAN;AVENUE PAUL VAILLANT COUTURIER;inconnue;inconnue;0;940160000I0166;1360f9e0-8c9e-4963-9b0a-2d1bd5ee9e8b;f85ee443-f91c-46ef-ab5a-067a14f26578;e1ce01e3-3ad8-4ae8-b38b-91ad0bc88d58;nearest;0.06;0.9;000;0I;0166
94016_7130_00018;94016_7130;18;;Avenue Paul Vaillant-couturier;94230;94016;Cachan;;;650289.33;6854631.79;2.323359;48.789855;entrée;;;CACHAN;AVENUE PAUL VAILLANT COUTURIER;inconnue;inconnue;0;940160000I0048;317d266c-55ac-498c-8534-9f7b7d46d655;f85ee443-f91c-46ef-ab5a-067a14f26578;e1ce01e3-3ad8-4ae8-b38b-91ad0bc88d58;nearest;1.23;0.9;000;0I;0048
94016_7130_00019;94016_7130;19;;Avenue Paul Vaillant-couturier;94230;94016;Cachan;;;650307.82;6854611.62;2.323613;48.789675;entrée;;;CACHAN;AVENUE PAUL VAILLANT COUTURIER;inconnue;inconnue;0;940160000I0167;7ce0b229-5664-46ff-a80b-81e7827c6eaf;f85ee443-f91c-46ef-ab5a-067a14f26578;e1ce01e3-3ad8-4ae8-b38b-91ad0bc88d58;nearest;0.13;0.9;000;0I;0167
94016_7130_00020;94016_7130;20;;Avenue Paul Vaillant-couturier;94230;94016;Cachan;;;650279.89;6854636.1;2.32323;48.789893;entrée;;;CACHAN;AVENUE PAUL VAILLANT COUTURIER;inconnue;inconnue;0;940160000I0212;c77251f2-bac9-4241-9e44-c6091ce6c76b;f85ee443-f91c-46ef-ab5a-067a14f26578;e1ce01e3-3ad8-4ae8-b38b-91ad0bc88d58;nearest;1.27;0.9;000;0I;0212
94016_7130_00021;94016_7130;21;;Avenue Paul Vaillant-couturier;94230;94016;Cachan;;;650295.68;6854618.17;2.323447;48.789733;segment;;;CACHAN;AVENUE PAUL VAILLANT COUTURIER;inconnue;inconnue;0;940160000I0168;c098fb59-75cf-4121-8960-ed54108d05e5;f85ee443-f91c-46ef-ab5a-067a14f26578;e1ce01e3-3ad8-4ae8-b38b-91ad0bc88d58;nearest;1.11;0.9;000;0I;0168
94016_7130_00023;94016_7130;23;;Avenue Paul Vaillant-couturier;94230;94016;Cachan;;;650282.57;6854623.06;2.323268;48.789776;entrée;;;CACHAN;AVENUE PAUL VAILLANT COUTURIER;inconnue;inconnue;0;940160000I0169;a3645d32-c45a-4e74-9502-03a7f874d517;f85ee443-f91c-46ef-ab5a-067a14f26578;e1ce01e3-3ad8-4ae8-b38b-91ad0bc88d58;nearest;0.06;0.9;000;0I;0169
94016_7130_00024;94016_7130;24;;Avenue Paul Vaillant-couturier;94230;94016;Cachan;;;650256.62;6854646.86;2.322912;48.789988;entrée;;;CACHAN;AVENUE PAUL VAILLANT COUTURIER;inconnue;inconnue;0;940160000I0054;f30fb364-cbff-49a7-b084-b9a927d74fae;f85ee443-f91c-46ef-ab5a-067a14f26578;e1ce01e3-3ad8-4ae8-b38b-91ad0bc88d58;nearest;1.26;0.9;000;0I;0054
94016_7130_00025;94016_7130;25;;Avenue Paul Vaillant-couturier;94230;94016;Cachan;;;650271.08;6854628.39;2.323111;48.789823;entrée;;;CACHAN;AVENUE PAUL VAILLANT COUTURIER;inconnue;inconnue;0;940160000I0170;85e06349-8464-4c02-84af-8af7df7b9efe;f85ee443-f91c-46ef-ab5a-067a14f26578;e1ce01e3-3ad8-4ae8-b38b-91ad0bc88d58;nearest;0.1;0.9;000;0I;0170
94016_7130_00026;94016_7130;26;;Avenue Paul Vaillant-couturier;94230;94016;Cachan;;;650217.9;6854663.87;2.322383;48.790138;entrée;;;CACHAN;AVENUE PAUL VAILLANT COUTURIER;inconnue;inconnue;0;940160000H0018;c84159e6-9286-4288-8674-0d5dcecf8f31;f85ee443-f91c-46ef-ab5a-067a14f26578;e1ce01e3-3ad8-4ae8-b38b-91ad0bc88d58;nearest;1.82;0.9;000;0H;0018
94016_7130_00027;94016_7130;27;;Avenue Paul Vaillant-couturier;94230;94016;Cachan;;;650261.13;6854632.92;2.322975;48.789863;entrée;;;CACHAN;AVENUE PAUL VAILLANT COUTURIER;inconnue;inconnue;0;940160000I0171;4ea69b71-d116-455a-a29d-aa82cf51e04d;f85ee443-f91c-46ef-ab5a-067a14f26578;e1ce01e3-3ad8-4ae8-b38b-91ad0bc88d58;nearest;0.07;0.9;000;0I;0171
94016_7130_00028;94016_7130;28;;Avenue Paul Vaillant-couturier;94230;94016;Cachan;;;650206.77;6854668.97;2.322231;48.790183;entrée;;;CACHAN;AVENUE PAUL VAILLANT COUTURIER;inconnue;inconnue;0;940160000H0017;ebd25599-c2d2-4953-8871-ca9bc3a84b04;f85ee443-f91c-46ef-ab5a-067a14f26578;e1ce01e3-3ad8-4ae8-b38b-91ad0bc88d58;nearest;1.83;0.9;000;0H;0017
94016_7130_00029;94016_7130;29;;Avenue Paul Vaillant-couturier;94230;94016;Cachan;;;650251.17;6854637.23;2.322839;48.789901;entrée;;;CACHAN;AVENUE PAUL VAILLANT COUTURIER;inconnue;inconnue;0;940160000I0172;24ebec2f-d1b5-42f3-86cf-bffe1bd9d9fc;f85ee443-f91c-46ef-ab5a-067a14f26578;e1ce01e3-3ad8-4ae8-b38b-91ad0bc88d58;within;0.0;1.0;000;0I;0172
94016_7130_00030;94016_7130;30;;Avenue Paul Vaillant-couturier;94230;94016;Cachan;;;650196.53;6854673.5;2.322091;48.790223;entrée;;;CACHAN;AVENUE PAUL VAILLANT COUTURIER;inconnue;inconnue;0;940160000H0016;daca81c2-a11d-4461-a0cb-1020f19f42e6;f85ee443-f91c-46ef-ab5a-067a14f26578;e1ce01e3-3ad8-4ae8-b38b-91ad0bc88d58;nearest;2.0;0.9;000;0H;0016
94016_7130_00031;94016_7130;31;;Avenue Paul Vaillant-couturier;94230;94016;Cachan;;;650240.27;6854642.55;2.32269;48.789948;entrée;;;CACHAN;AVENUE PAUL VAILLANT COUTURIER;inconnue;inconnue;0;940160000I0093;ea61a775-1b3c-4ce1-a1b0-2028b1f77755;f85ee443-f91c-46ef-ab5a-067a14f26578;e1ce01e3-3ad8-4ae8-b38b-91ad0bc88d58;nearest;0.11;0.9;000;0I;0093
94016_7130_00032;94016_7130;32;;Avenue Paul Vaillant-couturier;94230;94016;Cachan;;;650184.01;6854679.39;2.32192;48.790275;entrée;;;CACHAN;AVENUE PAUL VAILLANT COUTURIER;inconnue;inconnue;0;940160000H0015;9007abbd-b67f-4388-8ba2-ce3733988e44;f85ee443-f91c-46ef-ab5a-067a14f26578;e1ce01e3-3ad8-4ae8-b38b-91ad0bc88d58;nearest;1.86;0.9;000;0H;0015
94016_7130_00033;94016_7130;33;;Avenue Paul Vaillant-couturier;94230;94016;Cachan;;;650230.1;6854647.2;2.322551;48.789989;entrée;;;CACHAN;AVENUE PAUL VAILLANT COUTURIER;inconnue;inconnue;0;940160000I0221;f41a9ad3-d40e-4e50-b552-4b8c8d884220;f85ee443-f91c-46ef-ab5a-067a14f26578;e1ce01e3-3ad8-4ae8-b38b-91ad0bc88d58;nearest;0.08;0.9;000;0I;0221
94016_7130_00035;94016_7130;35;;Avenue Paul Vaillant-couturier;94230;94016;Cachan;;;650204.7;6854658.65;2.322204;48.79009;entrée;;;CACHAN;AVENUE PAUL VAILLANT COUTURIER;inconnue;inconnue;0;940160000H0014;f5e16eb9-d202-4e52-b276-7b625bfc0f34;f85ee443-f91c-46ef-ab5a-067a14f26578;e1ce01e3-3ad8-4ae8-b38b-91ad0bc88d58;nearest;0.03;0.9;000;0H;0014
94016_7130_00036;94016_7130;36;;Avenue Paul Vaillant-couturier;94230;94016;Cachan;;;650121.44;6854707.06;2.321065;48.790519;entrée;;;CACHAN;AVENUE PAUL VAILLANT COUTURIER;inconnue;inconnue;0;940160000H0040;fc98d2e0-5db2-4adc-940c-d79d1c25f949;f85ee443-f91c-46ef-ab5a-067a14f26578;e1ce01e3-3ad8-4ae8-b38b-91ad0bc88d58;nearest;2.62;0.9;000;0H;0040
94016_7130_00037;94016_7130;37;;Avenue Paul Vaillant-couturier;94230;94016;Cachan;;;650195.12;6854663.4;2.322073;48.790132;entrée;;;CACHAN;AVENUE PAUL VAILLANT COUTURIER;inconnue;inconnue;0;940160000H0013;4b94d60d-3311-4c85-9108-e4efe6757bfe;f85ee443-f91c-46ef-ab5a-067a14f26578;e1ce01e3-3ad8-4ae8-b38b-91ad0bc88d58;nearest;0.36;0.9;000;0H;0013
94016_7130_00038;94016_7130;38;;Avenue Paul Vaillant-couturier;94230;94016;Cachan;;;650098.82;6854717.15;2.320756;48.790608;entrée;;;CACHAN;AVENUE PAUL VAILLANT COUTURIER;inconnue;inconnue;0;940160000H0040;2bb5f1c6-8c4d-49b2-add5-6add7730fb0e;f85ee443-f91c-46ef-ab5a-067a14f26578;e1ce01e3-3ad8-4ae8-b38b-91ad0bc88d58;nearest;2.95;0.9;000;0H;0040
94016_7130_00039;94016_7130;39;;Avenue Paul Vaillant-couturier;94230;94016;Cachan;;;650183.7;6854668.28;2.321917;48.790175;entrée;;;CACHAN;AVENUE PAUL VAILLANT COUTURIER;inconnue;inconnue;0;940160000H0012;4f1366da-c060-4894-8727-b22dea7ddff6;f85ee443-f91c-46ef-ab5a-067a14f26578;e1ce01e3-3ad8-4ae8-b38b-91ad0bc88d58;within;0.0;1.0;000;0H;0012
94016_7130_00040;94016_7130;40;;Avenue Paul Vaillant-couturier;94230;94016;Cachan;;;650079.3;6854728;2.320489;48.790704;entrée;;;CACHAN;AVENUE PAUL VAILLANT COUTURIER;inconnue;inconnue;0;940160000H0117;cc4456dd-bf0e-46cb-a8af-1f5de38a777c;f85ee443-f91c-46ef-ab5a-067a14f26578;e1ce01e3-3ad8-4ae8-b38b-91ad0bc88d58;nearest;1.2;0.9;000;0H;0117
94016_7130_00041;94016_7130;41;;Avenue Paul Vaillant-couturier;94230;94016;Cachan;;;650175.06;6854672.35;2.321799;48.790211;entrée;;;CACHAN;AVENUE PAUL VAILLANT COUTURIER;inconnue;inconnue;0;940160000H0011;22bf6dbc-8bf8-409f-8f2a-e4bab9d2bdf4;f85ee443-f91c-46ef-ab5a-067a14f26578;e1ce01e3-3ad8-4ae8-b38b-91ad0bc88d58;nearest;0.11;0.9;000;0H;0011
94016_7130_00042;94016_7130;42;;Avenue Paul Vaillant-couturier;94230;94016;Cachan;;;650056.69;6854738.75;2.32018;48.790799;entrée;;;CACHAN;AVENUE PAUL VAILLANT COUTURIER;inconnue;inconnue;0;940160000H0109;4bfe9dce-fe40-4a5c-a4ed-648d4b2122d6;f85ee443-f91c-46ef-ab5a-067a14f26578;e1ce01e3-3ad8-4ae8-b38b-91ad0bc88d58;nearest;0.88;0.9;000;0H;0109
94016_7130_00043;94016_7130;43;;Avenue Paul Vaillant-couturier;94230;94016;Cachan;;;650165.77;6854676.55;2.321672;48.790248;entrée;;;CACHAN;AVENUE PAUL VAILLANT COUTURIER;inconnue;inconnue;0;940160000H0010;b19b5d7d-cc47-4dd2-9ea5-dfb2faa8ac72;f85ee443-f91c-46ef-ab5a-067a14f26578;e1ce01e3-3ad8-4ae8-b38b-91ad0bc88d58;nearest;0.04;0.9;000;0H;0010
94016_7130_00045;94016_7130;45;;Avenue Paul Vaillant-couturier;94230;94016;Cachan;;;650147.48;6854685.16;2.321422;48.790324;entrée;;;CACHAN;AVENUE PAUL VAILLANT COUTURIER;inconnue;inconnue;0;940160000H0008;fd3e9f0c-839c-48d7-9be0-f24c6ba6c81f;f85ee443-f91c-46ef-ab5a-067a14f26578;e1ce01e3-3ad8-4ae8-b38b-91ad0bc88d58;nearest;0.24;0.9;000;0H;0008
94016_7130_00047;94016_7130;47;;Avenue Paul Vaillant-couturier;94230;94016;Cachan;;;650138.48;6854689.35;2.321299;48.790361;entrée;;;CACHAN;AVENUE PAUL VAILLANT COUTURIER;inconnue;inconnue;0;940160000H0007;a9370856-e91c-4355-96fa-518976731409;f85ee443-f91c-46ef-ab5a-067a14f26578;e1ce01e3-3ad8-4ae8-b38b-91ad0bc88d58;nearest;0.3;0.9;000;0H;0007
94016_7130_00049;94016_7130;49;;Avenue Paul Vaillant-couturier;94230;94016;Cachan;;;650123.03;6854696.15;2.321088;48.790421;entrée;;;CACHAN;AVENUE PAUL VAILLANT COUTURIER;inconnue;inconnue;0;940160000H0006;0ab5ee07-5a1a-4e28-9393-2c1b90dc9749;f85ee443-f91c-46ef-ab5a-067a14f26578;e1ce01e3-3ad8-4ae8-b38b-91ad0bc88d58;nearest;0.03;0.9;000;0H;0006
94016_7130_00051;94016_7130;51;;Avenue Paul Vaillant-couturier;94230;94016;Cachan;;;650103.13;6854705.33;2.320816;48.790502;entrée;;;CACHAN;AVENUE PAUL VAILLANT COUTURIER;inconnue;inconnue;0;940160000H0005;2cc95e04-7464-4ae8-92be-35670d091177;f85ee443-f91c-46ef-ab5a-067a14f26578;e1ce01e3-3ad8-4ae8-b38b-91ad0bc88d58;nearest;0.09;0.9;000;0H;0005
94016_7130_00053;94016_7130;53;;Avenue Paul Vaillant-couturier;94230;94016;Cachan;;;650087.32;6854712.58;2.3206;48.790566;entrée;;;CACHAN;AVENUE PAUL VAILLANT COUTURIER;inconnue;inconnue;0;940160000H0004;75a97a17-235e-4d1f-9648-33fb6b6edf82;f85ee443-f91c-46ef-ab5a-067a14f26578;e1ce01e3-3ad8-4ae8-b38b-91ad0bc88d58;nearest;0.1;0.9;000;0H;0004
94016_7130_00055;94016_7130;55;;Avenue Paul Vaillant-couturier;94230;94016;Cachan;;;650071.81;6854719.72;2.320388;48.790629;entrée;;;CACHAN;AVENUE PAUL VAILLANT COUTURIER;inconnue;inconnue;0;940160000H0003;f5c7ded9-abca-4105-8fd2-7407d73a7d75;f85ee443-f91c-46ef-ab5a-067a14f26578;e1ce01e3-3ad8-4ae8-b38b-91ad0bc88d58;nearest;0.13;0.9;000;0H;0003
94016_7130_00057;94016_7130;57;;Avenue Paul Vaillant-couturier;94230;94016;Cachan;;;650054.47;6854728.1;2.320151;48.790703;entrée;;;CACHAN;AVENUE PAUL VAILLANT COUTURIER;inconnue;inconnue;0;940160000H0002;ea271521-63c2-472a-be68-30c404e99eb1;f85ee443-f91c-46ef-ab5a-067a14f26578;e1ce01e3-3ad8-4ae8-b38b-91ad0bc88d58;nearest;0.57;0.9;000;0H;0002
94016_7130_00043_bis;94016_7130;43;bis;Avenue Paul Vaillant-couturier;94230;94016;Cachan;;;650155.67;6854681.42;2.321534;48.790291;entrée;;;CACHAN;AVENUE PAUL VAILLANT COUTURIER;inconnue;inconnue;0;940160000H0009;fac8709b-7ec3-4e4c-a09b-79e58287d95e;f85ee443-f91c-46ef-ab5a-067a14f26578;e1ce01e3-3ad8-4ae8-b38b-91ad0bc88d58;nearest;0.27;0.9;000;0H;0009
94016_7130_00040_bis;94016_7130;40;bis;Avenue Paul Vaillant-couturier;94230;94016;Cachan;;;650079.3;6854727.88;2.320489;48.790703;entrée;;;CACHAN;AVENUE PAUL VAILLANT COUTURIER;inconnue;inconnue;0;940160000H0117;c386ea20-a5e2-41b2-b629-e98b097f4e3d;f85ee443-f91c-46ef-ab5a-067a14f26578;e1ce01e3-3ad8-4ae8-b38b-91ad0bc88d58;nearest;1.3;0.9;000;0H;0117
94016_7130_00051_a;94016_7130;51;a;Avenue Paul Vaillant-couturier;94230;94016;Cachan;;;650108.62;6854702.95;2.320891;48.790481;segment;;;CACHAN;AVENUE PAUL VAILLANT COUTURIER;inconnue;inconnue;0;940160000H0005;26f3bf04-c277-4bd0-8bfe-8ea97941cc4f;f85ee443-f91c-46ef-ab5a-067a14f26578;e1ce01e3-3ad8-4ae8-b38b-91ad0bc88d58;nearest;0.21;0.9;000;0H;0005
94016_7130_00030_bis;94016_7130;30;bis;Avenue Paul Vaillant-couturier;94230;94016;Cachan;;;650187.81;6854676.91;2.321972;48.790253;entrée;;;CACHAN;AVENUE PAUL VAILLANT COUTURIER;inconnue;inconnue;0;940160000H0015;a49a75de-eb03-4cda-ae45-b655849f992f;f85ee443-f91c-46ef-ab5a-067a14f26578;e1ce01e3-3ad8-4ae8-b38b-91ad0bc88d58;nearest;2.57;0.9;000;0H;0015
94016_7130_00012_bis;94016_7130;12;bis;Avenue Paul Vaillant-couturier;94230;94016;Cachan;;;650347.22;6854605.61;2.32415;48.789624;entrée;;;CACHAN;AVENUE PAUL VAILLANT COUTURIER;inconnue;inconnue;0;940160000I0039;009df454-0e9e-4c31-8c3d-05221a47bbe8;f85ee443-f91c-46ef-ab5a-067a14f26578;e1ce01e3-3ad8-4ae8-b38b-91ad0bc88d58;nearest;1.01;0.9;000;0I;0039
94016_7130_00037_bis;94016_7130;37;bis;Avenue Paul Vaillant-couturier;94230;94016;Cachan;;;650189.92;6854665.55;2.322002;48.790151;entrée;;;CACHAN;AVENUE PAUL VAILLANT COUTURIER;inconnue;inconnue;0;940160000H0013;7550244d-e883-437b-aea7-83c1e344ee88;f85ee443-f91c-46ef-ab5a-067a14f26578;e1ce01e3-3ad8-4ae8-b38b-91ad0bc88d58;nearest;0.13;0.9;000;0H;0013
94016_3530_00001;94016_3530;1;;Rue du Fief des Arcs;94230;94016;Cachan;;;651281.93;6855385.82;2.336783;48.796712;entrée;;;CACHAN;RUE DU FIEF DES ARCS;inconnue;inconnue;0;940160000T0025;733f1316-8690-4407-8716-27bea26e4fc2;f1d97f24-5ac4-40e5-a8f2-a0a8539ae61d;e1ce01e3-3ad8-4ae8-b38b-91ad0bc88d58;nearest;0.1;0.9;000;0T;0025
94016_3530_00002;94016_3530;2;;Rue du Fief des Arcs;94230;94016;Cachan;;;651125.41;6855458.3;2.334644;48.797352;entrée;;;CACHAN;RUE DU FIEF DES ARCS;inconnue;inconnue;0;940160000S0024;3523f259-befa-4d02-9806-4540db47027f;f1d97f24-5ac4-40e5-a8f2-a0a8539ae61d;e1ce01e3-3ad8-4ae8-b38b-91ad0bc88d58;nearest;1.49;0.9;000;0S;0024
94016_3530_00003;94016_3530;3;;Rue du Fief des Arcs;94230;94016;Cachan;;;651267.53;6855385.6;2.336587;48.796709;entrée;;;CACHAN;RUE DU FIEF DES ARCS;inconnue;inconnue;0;940160000T0024;8ff4017b-d4dc-439c-9fb0-c0bacb17bfba;f1d97f24-5ac4-40e5-a8f2-a0a8539ae61d;e1ce01e3-3ad8-4ae8-b38b-91ad0bc88d58;nearest;0.11;0.9;000;0T;0024
94016_3530_00004;94016_3530;4;;Rue du Fief des Arcs;94230;94016;Cachan;;;651108;6855476.23;2.334405;48.797512;entrée;;;CACHAN;RUE DU FIEF DES ARCS;inconnue;inconnue;0;940160000S0023;aaf66fc7-687b-4983-908e-9767da525214;f1d97f24-5ac4-40e5-a8f2-a0a8539ae61d;e1ce01e3-3ad8-4ae8-b38b-91ad0bc88d58;nearest;1.24;0.9;000;0S;0023
94016_3530_00005;94016_3530;5;;Rue du Fief des Arcs;94230;94016;Cachan;;;651261.06;6855385.55;2.336499;48.796708;entrée;;;CACHAN;RUE DU FIEF DES ARCS;inconnue;inconnue;0;940160000T0082;b15230d5-3cfd-4f95-a233-22ea49ded10a;f1d97f24-5ac4-40e5-a8f2-a0a8539ae61d;e1ce01e3-3ad8-4ae8-b38b-91ad0bc88d58;nearest;0.18;0.9;000;0T;0082
94016_3530_00006;94016_3530;6;;Rue du Fief des Arcs;94230;94016;Cachan;;;651103.14;6855482.95;2.334338;48.797572;entrée;;;CACHAN;RUE DU FIEF DES ARCS;inconnue;inconnue;0;940160000S0022;4961e0a5-a74d-4929-a2ba-0082a23bc45d;f1d97f24-5ac4-40e5-a8f2-a0a8539ae61d;e1ce01e3-3ad8-4ae8-b38b-91ad0bc88d58;nearest;1.07;0.9;000;0S;0022
94016_3530_00007;94016_3530;7;;Rue du Fief des Arcs;94230;94016;Cachan;;;651248.5;6855385.65;2.336328;48.796708;entrée;;;CACHAN;RUE DU FIEF DES ARCS;inconnue;inconnue;0;940160000T0053;eccfa7c3-8be3-42d4-acc4-864b590a237d;f1d97f24-5ac4-40e5-a8f2-a0a8539ae61d;e1ce01e3-3ad8-4ae8-b38b-91ad0bc88d58;nearest;0.18;0.9;000;0T;0053
94016_3530_00008;94016_3530;8;;Rue du Fief des Arcs;94230;94016;Cachan;;;651098.27;6855489.88;2.334271;48.797634;entrée;;;CACHAN;RUE DU FIEF DES ARCS;inconnue;inconnue;0;940160000S0021;823ac873-c190-4c5c-94de-e5c8e6deae99;f1d97f24-5ac4-40e5-a8f2-a0a8539ae61d;e1ce01e3-3ad8-4ae8-b38b-91ad0bc88d58;nearest;0.92;0.9;000;0S;0021
94016_3530_00009;94016_3530;9;;Rue du Fief des Arcs;94230;94016;Cachan;;;651237.57;6855386.86;2.336179;48.796718;entrée;;;CACHAN;RUE DU FIEF DES ARCS;inconnue;inconnue;0;940160000T0018;965156ad-8631-449b-936d-bb75fad34260;f1d97f24-5ac4-40e5-a8f2-a0a8539ae61d;e1ce01e3-3ad8-4ae8-b38b-91ad0bc88d58;nearest;0.06;0.9;000;0T;0018
94016_3530_00010;94016_3530;10;;Rue du Fief des Arcs;94230;94016;Cachan;;;651093.19;6855497.15;2.334201;48.797699;entrée;;;CACHAN;RUE DU FIEF DES ARCS;inconnue;inconnue;0;940160000S0020;9c63bd37-5767-4c54-8e85-bf06a7867084;f1d97f24-5ac4-40e5-a8f2-a0a8539ae61d;e1ce01e3-3ad8-4ae8-b38b-91ad0bc88d58;nearest;1.22;0.9;000;0S;0020
94016_3530_00011;94016_3530;11;;Rue du Fief des Arcs;94230;94016;Cachan;;;651227.37;6855389.05;2.33604;48.796737;entrée;;;CACHAN;RUE DU FIEF DES ARCS;inconnue;inconnue;0;940160000T0017;0ec1fcf9-2f71-467a-af2f-5b7013e635b1;f1d97f24-5ac4-40e5-a8f2-a0a8539ae61d;e1ce01e3-3ad8-4ae8-b38b-91ad0bc88d58;nearest;0.03;0.9;000;0T;0017
94016_3530_00012;94016_3530;12;;Rue du Fief des Arcs;94230;94016;Cachan;;;651087.89;6855504.87;2.334128;48.797768;entrée;;;CACHAN;RUE DU FIEF DES ARCS;inconnue;inconnue;0;940160000S0019;bf075337-e24b-488a-a3c7-fc9f38ae9252;f1d97f24-5ac4-40e5-a8f2-a0a8539ae61d;e1ce01e3-3ad8-4ae8-b38b-91ad0bc88d58;nearest;1.63;0.9;000;0S;0019
94016_3530_00013;94016_3530;13;;Rue du Fief des Arcs;94230;94016;Cachan;;;651214.91;6855392.38;2.33587;48.796766;entrée;;;CACHAN;RUE DU FIEF DES ARCS;inconnue;inconnue;0;940160000T0078;0517e96c-17d7-4d3a-9ddc-d4e3df3a58aa;f1d97f24-5ac4-40e5-a8f2-a0a8539ae61d;e1ce01e3-3ad8-4ae8-b38b-91ad0bc88d58;nearest;0.06;0.9;000;0T;0078
94016_3530_00014;94016_3530;14;;Rue du Fief des Arcs;94230;94016;Cachan;;;651096.67;6855492.01;2.334249;48.797653;segment;;;CACHAN;RUE DU FIEF DES ARCS;inconnue;inconnue;0;940160000S0021;ae371d15-e04b-4e8a-be24-7ecd90acf48e;f1d97f24-5ac4-40e5-a8f2-a0a8539ae61d;e1ce01e3-3ad8-4ae8-b38b-91ad0bc88d58;nearest;1.04;0.9;000;0S;0021
94016_3530_00015;94016_3530;15;;Rue du Fief des Arcs;94230;94016;Cachan;;;651187.51;6855400.51;2.335496;48.796837;entrée;;;CACHAN;RUE DU FIEF DES ARCS;inconnue;inconnue;0;940160000S0082;431c3d52-aaac-4876-8c28-9954f77ca88e;f1d97f24-5ac4-40e5-a8f2-a0a8539ae61d;e1ce01e3-3ad8-4ae8-b38b-91ad0bc88d58;nearest;0.22;0.9;000;0S;0082
94016_3530_00016;94016_3530;16;;Rue du Fief des Arcs;94230;94016;Cachan;;;651077.54;6855522.08;2.333985;48.797922;entrée;;;CACHAN;RUE DU FIEF DES ARCS;inconnue;inconnue;0;940160000S0017;2056e8bd-ae3b-4702-8321-b80444dfb4c0;f1d97f24-5ac4-40e5-a8f2-a0a8539ae61d;e1ce01e3-3ad8-4ae8-b38b-91ad0bc88d58;nearest;0.94;0.9;000;0S;0017
94016_3530_00018;94016_3530;18;;Rue du Fief des Arcs;94230;94016;Cachan;;;651072.1;6855530.35;2.33391;48.797996;entrée;;;CACHAN;RUE DU FIEF DES ARCS;inconnue;inconnue;0;940160000S0016;7e2a37e7-6069-42b6-83b0-e2b3dae98573;f1d97f24-5ac4-40e5-a8f2-a0a8539ae61d;e1ce01e3-3ad8-4ae8-b38b-91ad0bc88d58;nearest;1.1;0.9;000;0S;0016
94016_3530_00019;94016_3530;19;;Rue du Fief des Arcs;94230;94016;Cachan;;;651167.51;6855398.23;2.335224;48.796815;entrée;;;CACHAN;RUE DU FIEF DES ARCS;inconnue;inconnue;0;940160000S0127;019cf8a8-4c31-49d9-a428-7712132c1481;f1d97f24-5ac4-40e5-a8f2-a0a8539ae61d;e1ce01e3-3ad8-4ae8-b38b-91ad0bc88d58;within;0.0;1.0;000;0S;0127
94016_3530_00020;94016_3530;20;;Rue du Fief des Arcs;94230;94016;Cachan;;;651066.8;6855538.85;2.333837;48.798072;entrée;;;CACHAN;RUE DU FIEF DES ARCS;inconnue;inconnue;0;940160000S0015;d320e916-adc6-4917-9b33-40d12e2da182;f1d97f24-5ac4-40e5-a8f2-a0a8539ae61d;e1ce01e3-3ad8-4ae8-b38b-91ad0bc88d58;nearest;0.9;0.9;000;0S;0015
94016_3530_00021;94016_3530;21;;Rue du Fief des Arcs;94230;94016;Cachan;;;651150.49;6855410.05;2.334991;48.79692;;;;CACHAN;RUE DU FIEF DES ARCS;arcep;inconnue;0;940160000S0028;f3e24717-1692-4f19-9858-a9fe9e777a7e;f1d97f24-5ac4-40e5-a8f2-a0a8539ae61d;e1ce01e3-3ad8-4ae8-b38b-91ad0bc88d58;within;0.0;1.0;000;0S;0028
94016_3530_00022;94016_3530;22;;Rue du Fief des Arcs;94230;94016;Cachan;;;651061.29;6855547.35;2.333761;48.798148;entrée;;;CACHAN;RUE DU FIEF DES ARCS;inconnue;inconnue;0;940160000S0014;32d24dc8-8ce0-4868-8b5b-264d84c35b49;f1d97f24-5ac4-40e5-a8f2-a0a8539ae61d;e1ce01e3-3ad8-4ae8-b38b-91ad0bc88d58;nearest;0.9;0.9;000;0S;0014
94016_3530_00023;94016_3530;23;;Rue du Fief des Arcs;94230;94016;Cachan;;;651155.21;6855420.46;2.335054;48.797014;entrée;;;CACHAN;RUE DU FIEF DES ARCS;inconnue;inconnue;0;940160000S0028;a665dd29-abef-46d2-86ef-b8849890a712;f1d97f24-5ac4-40e5-a8f2-a0a8539ae61d;e1ce01e3-3ad8-4ae8-b38b-91ad0bc88d58;nearest;0.06;0.9;000;0S;0028
94016_3530_00024;94016_3530;24;;Rue du Fief des Arcs;94230;94016;Cachan;;;651055.93;6855555.62;2.333687;48.798222;entrée;;;CACHAN;RUE DU FIEF DES ARCS;inconnue;inconnue;0;940160000S0013;ef53e5c1-9657-46d2-98b7-42ef5756a986;f1d97f24-5ac4-40e5-a8f2-a0a8539ae61d;e1ce01e3-3ad8-4ae8-b38b-91ad0bc88d58;nearest;0.94;0.9;000;0S;0013
94016_3530_00025;94016_3530;25;;Rue du Fief des Arcs;94230;94016;Cachan;;;651148.5;6855426.19;2.334962;48.797065;entrée;;;CACHAN;RUE DU FIEF DES ARCS;inconnue;inconnue;0;940160000S0029;17e90f8a-1ee2-48ab-b50f-bb3ec2795988;f1d97f24-5ac4-40e5-a8f2-a0a8539ae61d;e1ce01e3-3ad8-4ae8-b38b-91ad0bc88d58;within;0.0;1.0;000;0S;0029
94016_3530_00026;94016_3530;26;;Rue du Fief des Arcs;94230;94016;Cachan;;;651050.78;6855563.45;2.333616;48.798292;entrée;;;CACHAN;RUE DU FIEF DES ARCS;inconnue;inconnue;0;940160000S0012;087def50-898a-42f5-be84-2e837ddddeb8;f1d97f24-5ac4-40e5-a8f2-a0a8539ae61d;e1ce01e3-3ad8-4ae8-b38b-91ad0bc88d58;nearest;1.04;0.9;000;0S;0012
94016_3530_00027;94016_3530;27;;Rue du Fief des Arcs;94230;94016;Cachan;;;651142.3;6855431.58;2.334877;48.797113;entrée;;;CACHAN;RUE DU FIEF DES ARCS;inconnue;inconnue;0;940160000S0030;0b3c961f-0d25-4428-876d-892bfe79fb48;f1d97f24-5ac4-40e5-a8f2-a0a8539ae61d;e1ce01e3-3ad8-4ae8-b38b-91ad0bc88d58;within;0.0;1.0;000;0S;0030
94016_3530_00028;94016_3530;28;;Rue du Fief des Arcs;94230;94016;Cachan;;;651045.27;6855572.06;2.33354;48.798369;entrée;;;CACHAN;RUE DU FIEF DES ARCS;inconnue;inconnue;0;940160000S0011;c30ac244-acfa-46d2-958c-26c683f49696;f1d97f24-5ac4-40e5-a8f2-a0a8539ae61d;e1ce01e3-3ad8-4ae8-b38b-91ad0bc88d58;nearest;1.02;0.9;000;0S;0011
94016_3530_00029;94016_3530;29;;Rue du Fief des Arcs;94230;94016;Cachan;;;651135.6;6855438.2;2.334785;48.797172;entrée;;;CACHAN;RUE DU FIEF DES ARCS;inconnue;inconnue;0;940160000S0032;e9414ec3-df2e-40ca-bc02-8828f73bb12d;f1d97f24-5ac4-40e5-a8f2-a0a8539ae61d;e1ce01e3-3ad8-4ae8-b38b-91ad0bc88d58;nearest;0.48;0.9;000;0S;0032
94016_3530_00030;94016_3530;30;;Rue du Fief des Arcs;94230;94016;Cachan;;;651039.69;6855581;2.333463;48.798449;entrée;;;CACHAN;RUE DU FIEF DES ARCS;inconnue;inconnue;0;940160000S0010;b6014194-9169-41f2-8cb3-52c444a89318;f1d97f24-5ac4-40e5-a8f2-a0a8539ae61d;e1ce01e3-3ad8-4ae8-b38b-91ad0bc88d58;nearest;0.89;0.9;000;0S;0010
94016_3530_00031;94016_3530;31;;Rue du Fief des Arcs;94230;94016;Cachan;;;651125.61;6855446.95;2.334648;48.79725;entrée;;;CACHAN;RUE DU FIEF DES ARCS;inconnue;inconnue;0;940160000S0034;6722dc36-9a50-446a-ae25-730b3430a23a;f1d97f24-5ac4-40e5-a8f2-a0a8539ae61d;e1ce01e3-3ad8-4ae8-b38b-91ad0bc88d58;nearest;0.4;0.9;000;0S;0034
94016_3530_00032;94016_3530;32;;Rue du Fief des Arcs;94230;94016;Cachan;;;651034.32;6855589.05;2.333389;48.798521;entrée;;;CACHAN;RUE DU FIEF DES ARCS;inconnue;inconnue;0;940160000S0009;83a54b49-0a2c-4f00-b1a6-5ac445f6b928;f1d97f24-5ac4-40e5-a8f2-a0a8539ae61d;e1ce01e3-3ad8-4ae8-b38b-91ad0bc88d58;nearest;1.1;0.9;000;0S;0009
94016_3530_00033;94016_3530;33;;Rue du Fief des Arcs;94230;94016;Cachan;;;651111.69;6855460.08;2.334457;48.797367;entrée;;;CACHAN;RUE DU FIEF DES ARCS;inconnue;inconnue;0;940160000S0037;69bc3f32-9907-465b-959a-f110f8077ce5;f1d97f24-5ac4-40e5-a8f2-a0a8539ae61d;e1ce01e3-3ad8-4ae8-b38b-91ad0bc88d58;nearest;0.97;0.9;000;0S;0037
94016_3530_00034;94016_3530;34;;Rue du Fief des Arcs;94230;94016;Cachan;;;651029.03;6855597.55;2.333316;48.798597;entrée;;;CACHAN;RUE DU FIEF DES ARCS;inconnue;inconnue;0;940160000S0008;91ac241d-29ca-4c0e-a07f-f88d69bb7551;f1d97f24-5ac4-40e5-a8f2-a0a8539ae61d;e1ce01e3-3ad8-4ae8-b38b-91ad0bc88d58;nearest;0.96;0.9;000;0S;0008
94016_3530_00035;94016_3530;35;;Rue du Fief des Arcs;94230;94016;Cachan;;;651115.83;6855455.26;2.334514;48.797324;entrée;;;CACHAN;RUE DU FIEF DES ARCS;inconnue;inconnue;0;940160000S0036;47b12e31-18a5-478c-9730-ee63afe1de22;f1d97f24-5ac4-40e5-a8f2-a0a8539ae61d;e1ce01e3-3ad8-4ae8-b38b-91ad0bc88d58;nearest;0.08;0.9;000;0S;0036
94016_3530_00036;94016_3530;36;;Rue du Fief des Arcs;94230;94016;Cachan;;;651024.6;6855604.37;2.333255;48.798658;entrée;;;CACHAN;RUE DU FIEF DES ARCS;inconnue;inconnue;0;940160000S0007;f778bddf-d517-42b7-bc24-7f53240b5118;f1d97f24-5ac4-40e5-a8f2-a0a8539ae61d;e1ce01e3-3ad8-4ae8-b38b-91ad0bc88d58;nearest;1.07;0.9;000;0S;0007
94016_3530_00037;94016_3530;37;;Rue du Fief des Arcs;94230;94016;Cachan;;;651110.08;6855461.43;2.334435;48.797379;entrée;;;CACHAN;RUE DU FIEF DES ARCS;inconnue;inconnue;0;940160000S0037;6700ee1d-8461-4412-9cf0-8d387ee3b900;f1d97f24-5ac4-40e5-a8f2-a0a8539ae61d;e1ce01e3-3ad8-4ae8-b38b-91ad0bc88d58;nearest;0.69;0.9;000;0S;0037
94016_3530_00038;94016_3530;38;;Rue du Fief des Arcs;94230;94016;Cachan;;;651021.49;6855609.28;2.333212;48.798702;entrée;;;CACHAN;RUE DU FIEF DES ARCS;inconnue;inconnue;0;940160000S0006;57067eb4-5f97-427c-98af-9a58d64082bb;f1d97f24-5ac4-40e5-a8f2-a0a8539ae61d;e1ce01e3-3ad8-4ae8-b38b-91ad0bc88d58;nearest;1.03;0.9;000;0S;0006
94016_3530_00039;94016_3530;39;;Rue du Fief des Arcs;94230;94016;Cachan;;;651096.27;6855461.54;2.334247;48.797379;;;;CACHAN;RUE DU FIEF DES ARCS;arcep;inconnue;0;940160000S0038;b586bff1-6158-4fff-bdf7-f2c7e64c267a;f1d97f24-5ac4-40e5-a8f2-a0a8539ae61d;e1ce01e3-3ad8-4ae8-b38b-91ad0bc88d58;within;0.0;1.0;000;0S;0038
94016_3530_00040;94016_3530;40;;Rue du Fief des Arcs;94230;94016;Cachan;;;651012.79;6855623.03;2.333092;48.798825;entrée;;;CACHAN;RUE DU FIEF DES ARCS;inconnue;inconnue;0;940160000S0004;01e1f74c-f671-4628-a223-f214ad8a2bdb;f1d97f24-5ac4-40e5-a8f2-a0a8539ae61d;e1ce01e3-3ad8-4ae8-b38b-91ad0bc88d58;nearest;0.92;0.9;000;0S;0004
94016_3530_00041;94016_3530;41;;Rue du Fief des Arcs;94230;94016;Cachan;;;651099.09;6855473.86;2.334284;48.79749;entrée;;;CACHAN;RUE DU FIEF DES ARCS;inconnue;inconnue;0;940160000S0039;1c3fd3f3-01e8-4225-b23b-8f3ec318af2a;f1d97f24-5ac4-40e5-a8f2-a0a8539ae61d;e1ce01e3-3ad8-4ae8-b38b-91ad0bc88d58;nearest;0.6;0.9;000;0S;0039
94016_3530_00042;94016_3530;42;;Rue du Fief des Arcs;94230;94016;Cachan;;;651006.63;6855632.65;2.333007;48.798911;entrée;;;CACHAN;RUE DU FIEF DES ARCS;inconnue;inconnue;0;940160000S0003;d6db20ca-0528-4767-93a8-62cd7cdfc4d2;f1d97f24-5ac4-40e5-a8f2-a0a8539ae61d;e1ce01e3-3ad8-4ae8-b38b-91ad0bc88d58;nearest;0.91;0.9;000;0S;0003
94016_3530_00043;94016_3530;43;;Rue du Fief des Arcs;94230;94016;Cachan;;;651094.3;6855480.02;2.334218;48.797545;entrée;;;CACHAN;RUE DU FIEF DES ARCS;inconnue;inconnue;0;940160000S0121;cff582dd-6bb9-45bd-968c-4e8aa34ce41e;f1d97f24-5ac4-40e5-a8f2-a0a8539ae61d;e1ce01e3-3ad8-4ae8-b38b-91ad0bc88d58;nearest;0.46;0.9;000;0S;0121
94016_3530_00045;94016_3530;45;;Rue du Fief des Arcs;94230;94016;Cachan;;;651085.67;6855493.32;2.334099;48.797664;entrée;;;CACHAN;RUE DU FIEF DES ARCS;inconnue;inconnue;0;940160000S0042;1d935557-5e55-4a4b-9b35-d7fba83d7a32;f1d97f24-5ac4-40e5-a8f2-a0a8539ae61d;e1ce01e3-3ad8-4ae8-b38b-91ad0bc88d58;nearest;0.7;0.9;000;0S;0042
94016_3530_00047;94016_3530;47;;Rue du Fief des Arcs;94230;94016;Cachan;;;651081.38;6855499.48;2.33404;48.797719;entrée;;;CACHAN;RUE DU FIEF DES ARCS;inconnue;inconnue;0;940160000S0043;f294c3b2-a56a-4e2f-8784-683ecd65aec2;f1d97f24-5ac4-40e5-a8f2-a0a8539ae61d;e1ce01e3-3ad8-4ae8-b38b-91ad0bc88d58;nearest;0.35;0.9;000;0S;0043
94016_3530_00049;94016_3530;49;;Rue du Fief des Arcs;94230;94016;Cachan;;;651064.63;6855525.41;2.333809;48.797951;segment;;;CACHAN;RUE DU FIEF DES ARCS;inconnue;inconnue;0;940160000S0046;0c60322c-a4d0-4ae9-b5b1-377e4481674f;f1d97f24-5ac4-40e5-a8f2-a0a8539ae61d;e1ce01e3-3ad8-4ae8-b38b-91ad0bc88d58;nearest;0.3;0.9;000;0S;0046
94016_3530_00051;94016_3530;51;;Rue du Fief des Arcs;94230;94016;Cachan;;;651076.53;6855506.97;2.333973;48.797786;entrée;;;CACHAN;RUE DU FIEF DES ARCS;inconnue;inconnue;0;940160000S0044;8c2ddae1-65f8-41a5-bd54-c34636f9544e;f1d97f24-5ac4-40e5-a8f2-a0a8539ae61d;e1ce01e3-3ad8-4ae8-b38b-91ad0bc88d58;nearest;0.32;0.9;000;0S;0044
94016_3530_00053;94016_3530;53;;Rue du Fief des Arcs;94230;94016;Cachan;;;651071.52;6855514.68;2.333904;48.797855;entrée;;;CACHAN;RUE DU FIEF DES ARCS;inconnue;inconnue;0;940160000S0045;3698a193-8bb8-4b33-8031-ec1b57418664;f1d97f24-5ac4-40e5-a8f2-a0a8539ae61d;e1ce01e3-3ad8-4ae8-b38b-91ad0bc88d58;nearest;0.28;0.9;000;0S;0045
94016_3530_00055;94016_3530;55;;Rue du Fief des Arcs;94230;94016;Cachan;;;651065.72;6855523.4;2.333824;48.797933;entrée;;;CACHAN;RUE DU FIEF DES ARCS;inconnue;inconnue;0;940160000S0046;a5363e54-daf0-4f2b-8df6-258756ffb8ff;f1d97f24-5ac4-40e5-a8f2-a0a8539ae61d;e1ce01e3-3ad8-4ae8-b38b-91ad0bc88d58;nearest;0.07;0.9;000;0S;0046
94016_3530_00057;94016_3530;57;;Rue du Fief des Arcs;94230;94016;Cachan;;;651058.98;6855534.02;2.333731;48.798028;entrée;;;CACHAN;RUE DU FIEF DES ARCS;inconnue;inconnue;0;940160000S0047;875b7bc0-93ac-4476-a876-4e6920f7b8c3;f1d97f24-5ac4-40e5-a8f2-a0a8539ae61d;e1ce01e3-3ad8-4ae8-b38b-91ad0bc88d58;nearest;0.19;0.9;000;0S;0047
94016_3530_00059;94016_3530;59;;Rue du Fief des Arcs;94230;94016;Cachan;;;651052.81;6855543.53;2.333646;48.798113;entrée;;;CACHAN;RUE DU FIEF DES ARCS;inconnue;inconnue;0;940160000S0048;de55b099-5538-4db6-adf3-ea134bc4d448;f1d97f24-5ac4-40e5-a8f2-a0a8539ae61d;e1ce01e3-3ad8-4ae8-b38b-91ad0bc88d58;nearest;0.11;0.9;000;0S;0048
94016_3530_00061;94016_3530;61;;Rue du Fief des Arcs;94230;94016;Cachan;;;651048.83;6855549.9;2.333591;48.79817;entrée;;;CACHAN;RUE DU FIEF DES ARCS;inconnue;inconnue;0;940160000S0049;28094b4c-f555-4ff5-9cf7-51b75b59ef5f;f1d97f24-5ac4-40e5-a8f2-a0a8539ae61d;e1ce01e3-3ad8-4ae8-b38b-91ad0bc88d58;nearest;0.19;0.9;000;0S;0049
94016_3530_00063;94016_3530;63;;Rue du Fief des Arcs;94230;94016;Cachan;;;651043.68;6855557.95;2.33352;48.798242;entrée;;;CACHAN;RUE DU FIEF DES ARCS;inconnue;inconnue;0;940160000S0050;fff539cc-487e-476b-b974-95ccad7a2250;f1d97f24-5ac4-40e5-a8f2-a0a8539ae61d;e1ce01e3-3ad8-4ae8-b38b-91ad0bc88d58;nearest;0.19;0.9;000;0S;0050
94016_3530_00065;94016_3530;65;;Rue du Fief des Arcs;94230;94016;Cachan;;;651038.53;6855566.22;2.333449;48.798316;entrée;;;CACHAN;RUE DU FIEF DES ARCS;inconnue;inconnue;0;940160000S0051;69899754-5c4b-49df-aef6-95b6eac21881;f1d97f24-5ac4-40e5-a8f2-a0a8539ae61d;e1ce01e3-3ad8-4ae8-b38b-91ad0bc88d58;nearest;0.35;0.9;000;0S;0051
94016_3530_00067;94016_3530;67;;Rue du Fief des Arcs;94230;94016;Cachan;;;651032.8;6855574.83;2.33337;48.798393;entrée;;;CACHAN;RUE DU FIEF DES ARCS;inconnue;inconnue;0;940160000S0052;c455c9a8-2511-499b-947a-6c011eeb05bf;f1d97f24-5ac4-40e5-a8f2-a0a8539ae61d;e1ce01e3-3ad8-4ae8-b38b-91ad0bc88d58;nearest;0.11;0.9;000;0S;0052
94016_3530_00069;94016_3530;69;;Rue du Fief des Arcs;94230;94016;Cachan;;;651027.29;6855583.22;2.333294;48.798468;entrée;;;CACHAN;RUE DU FIEF DES ARCS;inconnue;inconnue;0;940160000S0053;3412b7a1-d10b-4019-8861-fde1a52fee79;f1d97f24-5ac4-40e5-a8f2-a0a8539ae61d;e1ce01e3-3ad8-4ae8-b38b-91ad0bc88d58;within;0.0;1.0;000;0S;0053
94016_3530_00071;94016_3530;71;;Rue du Fief des Arcs;94230;94016;Cachan;;;651021.06;6855593.94;2.333208;48.798564;entrée;;;CACHAN;RUE DU FIEF DES ARCS;inconnue;inconnue;0;940160000S0054;34fd9dd7-e821-47d6-9b34-52fd4ec46c9b;f1d97f24-5ac4-40e5-a8f2-a0a8539ae61d;e1ce01e3-3ad8-4ae8-b38b-91ad0bc88d58;nearest;0.65;0.9;000;0S;0054
94016_3530_00031_bis;94016_3530;31;bis;Rue du Fief des Arcs;94230;94016;Cachan;;;651136.69;6855436.96;2.3348;48.797161;entrée;;;CACHAN;RUE DU FIEF DES ARCS;inconnue;inconnue;0;940160000S0032;c303d93d-5b5f-442a-b563-6e211998551f;f1d97f24-5ac4-40e5-a8f2-a0a8539ae61d;e1ce01e3-3ad8-4ae8-b38b-91ad0bc88d58;nearest;0.26;0.9;000;0S;0032
94016_3530_00027_bis;94016_3530;27;bis;Rue du Fief des Arcs;94230;94016;Cachan;;;651138.59;6855435.61;2.334826;48.797149;entrée;;;CACHAN;RUE DU FIEF DES ARCS;inconnue;inconnue;0;940160000S0032;03f47fa5-d093-42ea-af34-e34736eef99a;f1d97f24-5ac4-40e5-a8f2-a0a8539ae61d;e1ce01e3-3ad8-4ae8-b38b-91ad0bc88d58;nearest;0.55;0.9;000;0S;0032
94016_3530_00029_bis;94016_3530;29;bis;Rue du Fief des Arcs;94230;94016;Cachan;;;651130.2;6855443.13;2.334711;48.797216;entrée;;;CACHAN;RUE DU FIEF DES ARCS;inconnue;inconnue;0;940160000S0033;d3d03804-69fa-4f70-a735-e90482cd4f56;f1d97f24-5ac4-40e5-a8f2-a0a8539ae61d;e1ce01e3-3ad8-4ae8-b38b-91ad0bc88d58;nearest;0.62;0.9;000;0S;0033
94016_3530_00038_bis;94016_3530;38;bis;Rue du Fief des Arcs;94230;94016;Cachan;;;651016.33;6855616.33;2.333141;48.798765;entrée;;;CACHAN;RUE DU FIEF DES ARCS;inconnue;inconnue;0;940160000S0005;20da6cef-ff34-43f5-834c-be9612981e05;f1d97f24-5ac4-40e5-a8f2-a0a8539ae61d;e1ce01e3-3ad8-4ae8-b38b-91ad0bc88d58;nearest;1.72;0.9;000;0S;0005
94016_3530_00002_bis;94016_3530;2;bis;Rue du Fief des Arcs;94230;94016;Cachan;;;651125.41;6855458.41;2.334644;48.797353;entrée;;;CACHAN;RUE DU FIEF DES ARCS;inconnue;inconnue;0;940160000S0024;958bebbf-db59-4836-a3fb-05dbfe3c6bc6;f1d97f24-5ac4-40e5-a8f2-a0a8539ae61d;e1ce01e3-3ad8-4ae8-b38b-91ad0bc88d58;nearest;1.4;0.9;000;0S;0024
94016_3530_00057_bis;94016_3530;57;bis;Rue du Fief des Arcs;94230;94016;Cachan;;;651058.98;6855534.02;2.333731;48.798028;entrée;;;CACHAN;RUE DU FIEF DES ARCS;inconnue;inconnue;0;940160000S0047;12df3df5-8075-4ecc-b467-dc83c36f4b8b;f1d97f24-5ac4-40e5-a8f2-a0a8539ae61d;e1ce01e3-3ad8-4ae8-b38b-91ad0bc88d58;nearest;0.19;0.9;000;0S;0047
94016_3530_00019_bis;94016_3530;19;bis;Rue du Fief des Arcs;94230;94016;Cachan;;;651166.45;6855412.36;2.335208;48.796942;segment;;;CACHAN;RUE DU FIEF DES ARCS;inconnue;inconnue;0;940160000S0126;aa7e5d85-29e2-44fe-a594-bd4869efeb87;f1d97f24-5ac4-40e5-a8f2-a0a8539ae61d;e1ce01e3-3ad8-4ae8-b38b-91ad0bc88d58;nearest;0.56;0.9;000;0S;0126
94016_3530_00005_bis;94016_3530;5;bis;Rue du Fief des Arcs;94230;94016;Cachan;;;651254.82;6855385.6;2.336414;48.796708;entrée;;;CACHAN;RUE DU FIEF DES ARCS;inconnue;inconnue;0;940160000T0062;1cbe94b7-2f19-4cf2-899a-760eeca91476;f1d97f24-5ac4-40e5-a8f2-a0a8539ae61d;e1ce01e3-3ad8-4ae8-b38b-91ad0bc88d58;nearest;0.35;0.9;000;0T;0062
94016_3530_00035_bis;94016_3530;35;bis;Rue du Fief des Arcs;94230;94016;Cachan;;;651108.48;6855454.55;2.334414;48.797317;;;;CACHAN;RUE DU FIEF DES ARCS;arcep;inconnue;0;940160000S0036;e503b624-c12a-44c3-b1c5-336f88f36434;f1d97f24-5ac4-40e5-a8f2-a0a8539ae61d;e1ce01e3-3ad8-4ae8-b38b-91ad0bc88d58;within;0.0;1.0;000;0S;0036
94016_1430_00003;94016_1430;3;;Rue Chaptal;94230;94016;Cachan;;;650379.72;6855278.82;2.324514;48.795681;entrée;;;CACHAN;RUE CHAPTAL;inconnue;inconnue;0;940160000E0128;28b1bdbb-a5ba-47bb-81a6-fcb1f043e91e;ddf2705a-32b8-4041-9978-2842075f4be7;e1ce01e3-3ad8-4ae8-b38b-91ad0bc88d58;nearest;0.23;0.9;000;0E;0128
94016_1430_00004;94016_1430;4;;Rue Chaptal;94230;94016;Cachan;;;650371.37;6855281.56;2.3244;48.795705;entrée;;;CACHAN;RUE CHAPTAL;inconnue;inconnue;0;940160000E0026;b65171d5-f019-4b06-92dc-9780190d8e47;ddf2705a-32b8-4041-9978-2842075f4be7;e1ce01e3-3ad8-4ae8-b38b-91ad0bc88d58;nearest;1.46;0.9;000;0E;0026
94016_1430_00005;94016_1430;5;;Rue Chaptal;94230;94016;Cachan;;;650375.81;6855267.96;2.324462;48.795583;entrée;;;CACHAN;RUE CHAPTAL;inconnue;inconnue;0;940160000E0127;906ba24c-bd24-4b45-a2e1-dca42ac6de46;ddf2705a-32b8-4041-9978-2842075f4be7;e1ce01e3-3ad8-4ae8-b38b-91ad0bc88d58;nearest;0.2;0.9;000;0E;0127
94016_1430_00006;94016_1430;6;;Rue Chaptal;94230;94016;Cachan;;;650367.83;6855271.36;2.324353;48.795613;entrée;;;CACHAN;RUE CHAPTAL;inconnue;inconnue;0;940160000E0027;3d7f6442-4cd0-43ea-a747-54e0b0a41b54;ddf2705a-32b8-4041-9978-2842075f4be7;e1ce01e3-3ad8-4ae8-b38b-91ad0bc88d58;nearest;1.67;0.9;000;0E;0027
94016_1430_00007;94016_1430;7;;Rue Chaptal;94230;94016;Cachan;;;650371.67;6855256.65;2.324407;48.795481;entrée;;;CACHAN;RUE CHAPTAL;inconnue;inconnue;0;940160000E0126;b60c50eb-9765-4c57-9366-6474d7822e25;ddf2705a-32b8-4041-9978-2842075f4be7;e1ce01e3-3ad8-4ae8-b38b-91ad0bc88d58;nearest;0.26;0.9;000;0E;0126
94016_1430_00008;94016_1430;8;;Rue Chaptal;94230;94016;Cachan;;;650361.89;6855255.07;2.324274;48.795466;entrée;;;CACHAN;RUE CHAPTAL;inconnue;inconnue;0;940160000E0029;e7594133-4f78-40bd-8792-33b4abc7702b;ddf2705a-32b8-4041-9978-2842075f4be7;e1ce01e3-3ad8-4ae8-b38b-91ad0bc88d58;nearest;1.63;0.9;000;0E;0029
94016_1430_00009;94016_1430;9;;Rue Chaptal;94230;94016;Cachan;;;650368.21;6855247.01;2.324361;48.795394;entrée;;;CACHAN;RUE CHAPTAL;inconnue;inconnue;0;940160000E0125;a5eb0ff3-1370-48de-b115-a58e4fb32a39;ddf2705a-32b8-4041-9978-2842075f4be7;e1ce01e3-3ad8-4ae8-b38b-91ad0bc88d58;nearest;0.2;0.9;000;0E;0125
94016_1430_00010;94016_1430;10;;Rue Chaptal;94230;94016;Cachan;;;650358.5;6855245.87;2.324229;48.795383;entrée;;;CACHAN;RUE CHAPTAL;inconnue;inconnue;0;940160000E0030;14747f19-9d9f-4695-8201-347ee8e0d04e;ddf2705a-32b8-4041-9978-2842075f4be7;e1ce01e3-3ad8-4ae8-b38b-91ad0bc88d58;nearest;1.55;0.9;000;0E;0030
94016_1430_00011;94016_1430;11;;Rue Chaptal;94230;94016;Cachan;;;650364.83;6855237.7;2.324316;48.79531;entrée;;;CACHAN;RUE CHAPTAL;inconnue;inconnue;0;940160000E0124;3457799d-c327-4197-8f56-4b94eed7e9d9;ddf2705a-32b8-4041-9978-2842075f4be7;e1ce01e3-3ad8-4ae8-b38b-91ad0bc88d58;nearest;0.21;0.9;000;0E;0124
94016_1430_00012;94016_1430;12;;Rue Chaptal;94230;94016;Cachan;;;650354.59;6855235.01;2.324177;48.795285;entrée;;;CACHAN;RUE CHAPTAL;inconnue;inconnue;0;940160000E0031;0e77842b-c375-4ee9-b0b5-850e5c3f5154;ddf2705a-32b8-4041-9978-2842075f4be7;e1ce01e3-3ad8-4ae8-b38b-91ad0bc88d58;nearest;1.59;0.9;000;0E;0031
94016_1430_00013;94016_1430;13;;Rue Chaptal;94230;94016;Cachan;;;650361.29;6855227.94;2.324269;48.795222;entrée;;;CACHAN;RUE CHAPTAL;inconnue;inconnue;0;940160000E0123;df5cac1a-26b2-4fdb-ae5d-07953577aa3f;ddf2705a-32b8-4041-9978-2842075f4be7;e1ce01e3-3ad8-4ae8-b38b-91ad0bc88d58;nearest;0.23;0.9;000;0E;0123
94016_1430_00014;94016_1430;14;;Rue Chaptal;94230;94016;Cachan;;;650350.3;6855223.26;2.32412;48.795179;entrée;;;CACHAN;RUE CHAPTAL;inconnue;inconnue;0;940160000E0032;dc15c978-fc54-46c2-bdb0-f8fbbdca362e;ddf2705a-32b8-4041-9978-2842075f4be7;e1ce01e3-3ad8-4ae8-b38b-91ad0bc88d58;nearest;1.54;0.9;000;0E;0032
94016_1430_00015;94016_1430;15;;Rue Chaptal;94230;94016;Cachan;;;650357.83;6855218.3;2.324223;48.795135;entrée;;;CACHAN;RUE CHAPTAL;inconnue;inconnue;0;940160000E0122;5f040644-7ceb-465a-9e23-34eab02c6337;ddf2705a-32b8-4041-9978-2842075f4be7;e1ce01e3-3ad8-4ae8-b38b-91ad0bc88d58;nearest;0.2;0.9;000;0E;0122
94016_1430_00016;94016_1430;16;;Rue Chaptal;94230;94016;Cachan;;;650346.69;6855213.39;2.324072;48.79509;entrée;;;CACHAN;RUE CHAPTAL;inconnue;inconnue;0;940160000E0033;f07d926c-5c95-4943-a0e7-a780b888ae4d;ddf2705a-32b8-4041-9978-2842075f4be7;e1ce01e3-3ad8-4ae8-b38b-91ad0bc88d58;nearest;1.5;0.9;000;0E;0033
94016_1430_00017;94016_1430;17;;Rue Chaptal;94230;94016;Cachan;;;650354.52;6855209.21;2.324179;48.795053;entrée;;;CACHAN;RUE CHAPTAL;inconnue;inconnue;0;940160000E0121;09122ed2-6098-4475-9f00-f194863f6576;ddf2705a-32b8-4041-9978-2842075f4be7;e1ce01e3-3ad8-4ae8-b38b-91ad0bc88d58;nearest;0.23;0.9;000;0E;0121
94016_1430_00018;94016_1430;18;;Rue Chaptal;94230;94016;Cachan;;;650343.31;6855203.97;2.324027;48.795005;entrée;;;CACHAN;RUE CHAPTAL;inconnue;inconnue;0;940160000E0034;458cc240-3549-481e-8f04-4ecfe9b89ebf;ddf2705a-32b8-4041-9978-2842075f4be7;e1ce01e3-3ad8-4ae8-b38b-91ad0bc88d58;nearest;1.59;0.9;000;0E;0034
94016_1430_00019;94016_1430;19;;Rue Chaptal;94230;94016;Cachan;;;650350.98;6855199.46;2.324132;48.794965;entrée;;;CACHAN;RUE CHAPTAL;inconnue;inconnue;0;940160000E0120;e782130d-8695-40a0-b8d4-af8dbe697073;ddf2705a-32b8-4041-9978-2842075f4be7;e1ce01e3-3ad8-4ae8-b38b-91ad0bc88d58;nearest;0.23;0.9;000;0E;0120
94016_1430_00020;94016_1430;20;;Rue Chaptal;94230;94016;Cachan;;;650335.58;6855184.8;2.323924;48.794832;entrée;;;CACHAN;RUE CHAPTAL;inconnue;inconnue;0;940160000E0060;9c97baed-3f60-423c-b71c-d950c50afb75;ddf2705a-32b8-4041-9978-2842075f4be7;e1ce01e3-3ad8-4ae8-b38b-91ad0bc88d58;nearest;0.57;0.9;000;0E;0060
94016_1430_00021;94016_1430;21;;Rue Chaptal;94230;94016;Cachan;;;650347.6;6855190.14;2.324087;48.794881;entrée;;;CACHAN;RUE CHAPTAL;inconnue;inconnue;0;940160000E0119;d4f0b3ca-cf93-49bf-8837-c0f5b26794a8;ddf2705a-32b8-4041-9978-2842075f4be7;e1ce01e3-3ad8-4ae8-b38b-91ad0bc88d58;nearest;0.21;0.9;000;0E;0119
94016_1430_00022;94016_1430;22;;Rue Chaptal;94230;94016;Cachan;;;650330.82;6855169.38;2.323861;48.794693;entrée;;;CACHAN;RUE CHAPTAL;inconnue;inconnue;0;940160000E0061;1b73483f-3ccf-4bfd-bb2f-59c7aadd740a;ddf2705a-32b8-4041-9978-2842075f4be7;e1ce01e3-3ad8-4ae8-b38b-91ad0bc88d58;nearest;1.58;0.9;000;0E;0061
94016_1430_00023;94016_1430;23;;Rue Chaptal;94230;94016;Cachan;;;650344.13;6855180.5;2.324041;48.794794;entrée;;;CACHAN;RUE CHAPTAL;inconnue;inconnue;0;940160000E0118;2a376198-bcd7-432b-b7f1-f9cedbbf5239;ddf2705a-32b8-4041-9978-2842075f4be7;e1ce01e3-3ad8-4ae8-b38b-91ad0bc88d58;nearest;0.14;0.9;000;0E;0118
94016_1430_00024;94016_1430;24;;Rue Chaptal;94230;94016;Cachan;;;650326.98;6855158.96;2.32381;48.794599;entrée;;;CACHAN;RUE CHAPTAL;inconnue;inconnue;0;940160000E0062;a2b05762-040e-40ef-a85e-10cc0757346b;ddf2705a-32b8-4041-9978-2842075f4be7;e1ce01e3-3ad8-4ae8-b38b-91ad0bc88d58;nearest;1.51;0.9;000;0E;0062
94016_1430_00025;94016_1430;25;;Rue Chaptal;94230;94016;Cachan;;;650340.9;6855171.74;2.323998;48.794715;entrée;;;CACHAN;RUE CHAPTAL;inconnue;inconnue;0;940160000E0117;bdfca7dc-194f-4029-92d3-8611d44a4f9a;ddf2705a-32b8-4041-9978-2842075f4be7;e1ce01e3-3ad8-4ae8-b38b-91ad0bc88d58;nearest;0.21;0.9;000;0E;0117
94016_1430_00026;94016_1430;26;;Rue Chaptal;94230;94016;Cachan;;;650323.52;6855149.43;2.323764;48.794513;entrée;;;CACHAN;RUE CHAPTAL;inconnue;inconnue;0;940160000E0063;8e56cc99-23e6-4588-a125-989da015463c;ddf2705a-32b8-4041-9978-2842075f4be7;e1ce01e3-3ad8-4ae8-b38b-91ad0bc88d58;nearest;1.52;0.9;000;0E;0063
94016_1430_00027;94016_1430;27;;Rue Chaptal;94230;94016;Cachan;;;650338.72;6855165.65;2.323969;48.79466;entrée;;;CACHAN;RUE CHAPTAL;inconnue;inconnue;0;940160000E0116;7fbe66f3-1e42-4fa6-b030-1de294fc3b8a;ddf2705a-32b8-4041-9978-2842075f4be7;e1ce01e3-3ad8-4ae8-b38b-91ad0bc88d58;nearest;0.15;0.9;000;0E;0116
94016_1430_00031;94016_1430;31;;Rue Chaptal;94230;94016;Cachan;;;650331.8;6855146.8;2.323877;48.79449;entrée;;;CACHAN;RUE CHAPTAL;inconnue;inconnue;0;940160000E0114;7a8e35ac-8b71-4d5f-a5cd-f296ced13d36;ddf2705a-32b8-4041-9978-2842075f4be7;e1ce01e3-3ad8-4ae8-b38b-91ad0bc88d58;nearest;0.24;0.9;000;0E;0114
94016_1430_00032;94016_1430;32;;Rue Chaptal;94230;94016;Cachan;;;650308.02;6855106.53;2.323558;48.794126;entrée;;;CACHAN;RUE CHAPTAL;inconnue;inconnue;0;940160000E0107;7ecd7eae-ee9c-424f-abdd-27ebe70b3aff;ddf2705a-32b8-4041-9978-2842075f4be7;e1ce01e3-3ad8-4ae8-b38b-91ad0bc88d58;nearest;1.59;0.9;000;0E;0107
94016_1430_00033;94016_1430;33;;Rue Chaptal;94230;94016;Cachan;;;650328.11;6855136.72;2.323828;48.794399;entrée;;;CACHAN;RUE CHAPTAL;inconnue;inconnue;0;940160000E0113;115fc02f-004d-4ffc-8fe2-713be83ee406;ddf2705a-32b8-4041-9978-2842075f4be7;e1ce01e3-3ad8-4ae8-b38b-91ad0bc88d58;nearest;0.26;0.9;000;0E;0113
94016_1430_00034;94016_1430;34;;Rue Chaptal;94230;94016;Cachan;;;650305.69;6855100.22;2.323527;48.794069;entrée;;;CACHAN;RUE CHAPTAL;inconnue;inconnue;0;940160000E0108;550ef956-a3b4-4931-99ee-d503bbf6a797;ddf2705a-32b8-4041-9978-2842075f4be7;e1ce01e3-3ad8-4ae8-b38b-91ad0bc88d58;nearest;1.56;0.9;000;0E;0108
94016_1430_00035;94016_1430;35;;Rue Chaptal;94230;94016;Cachan;;;650324.2;6855125.74;2.323776;48.7943;entrée;;;CACHAN;RUE CHAPTAL;inconnue;inconnue;0;940160000E0112;01741e8c-cecc-485e-9535-a85695b56ff0;ddf2705a-32b8-4041-9978-2842075f4be7;e1ce01e3-3ad8-4ae8-b38b-91ad0bc88d58;nearest;0.17;0.9;000;0E;0112
94016_1430_00036;94016_1430;36;;Rue Chaptal;94230;94016;Cachan;;;650297.89;6855082.05;2.323423;48.793905;entrée;;;CACHAN;RUE CHAPTAL;inconnue;inconnue;0;940160000E0109;6c16af67-7eed-4339-b0c7-c72908f71883;ddf2705a-32b8-4041-9978-2842075f4be7;e1ce01e3-3ad8-4ae8-b38b-91ad0bc88d58;nearest;1.19;0.9;000;0E;0109
94016_1430_00037;94016_1430;37;;Rue Chaptal;94230;94016;Cachan;;;650319.91;6855113.99;2.323719;48.794194;entrée;;;CACHAN;RUE CHAPTAL;inconnue;inconnue;0;940160000E0111;8205ffe5-d3ac-4502-aecc-439f362ab4fe;ddf2705a-32b8-4041-9978-2842075f4be7;e1ce01e3-3ad8-4ae8-b38b-91ad0bc88d58;nearest;0.22;0.9;000;0E;0111
94016_1430_00006_bis;94016_1430;6;bis;Rue Chaptal;94230;94016;Cachan;;;650364.06;6855260.28;2.324303;48.795513;entrée;;;CACHAN;RUE CHAPTAL;inconnue;inconnue;0;940160000E0028;c1fa55a8-9311-4262-af52-6a11fc0a59d4;ddf2705a-32b8-4041-9978-2842075f4be7;e1ce01e3-3ad8-4ae8-b38b-91ad0bc88d58;nearest;2.01;0.9;000;0E;0028
94016_8160_00002;94016_8160;2;;Rue des Rosiers;94230;94016;Cachan;;;650500.22;6854867.94;2.326202;48.791995;entrée;;;CACHAN;RUE DES ROSIERS;inconnue;inconnue;0;940160000G0060;9a41aae7-f5b1-4ac8-bbf7-d59963ee8ec4;428bf0b8-5f77-4120-9fcc-b460f0621471;e1ce01e3-3ad8-4ae8-b38b-91ad0bc88d58;nearest;1.0;0.9;000;0G;0060
94016_8160_00003;94016_8160;3;;Rue des Rosiers;94230;94016;Cachan;;;650488.73;6854855.36;2.326047;48.791881;entrée;;;CACHAN;RUE DES ROSIERS;inconnue;inconnue;0;940160000G0095;669c5e08-bfa4-4a41-8361-2fe552cc8ce8;428bf0b8-5f77-4120-9fcc-b460f0621471;e1ce01e3-3ad8-4ae8-b38b-91ad0bc88d58;nearest;0.1;0.9;000;0G;0095
94016_8160_00004;94016_8160;4;;Rue des Rosiers;94230;94016;Cachan;;;650485.49;6854863.84;2.326002;48.791957;entrée;;;CACHAN;RUE DES ROSIERS;inconnue;inconnue;0;940160000G0059;85e281df-a99e-4abb-be92-96a697eda2ce;428bf0b8-5f77-4120-9fcc-b460f0621471;e1ce01e3-3ad8-4ae8-b38b-91ad0bc88d58;nearest;0.9;0.9;000;0G;0059
94016_8160_00005;94016_8160;5;;Rue des Rosiers;94230;94016;Cachan;;;650476.21;6854851.69;2.325877;48.791847;entrée;;;CACHAN;RUE DES ROSIERS;inconnue;inconnue;0;940160000G0094;e79a8ac6-bef6-40e5-bc05-c5868bc26aad;428bf0b8-5f77-4120-9fcc-b460f0621471;e1ce01e3-3ad8-4ae8-b38b-91ad0bc88d58;nearest;0.03;0.9;000;0G;0094
94016_8160_00006;94016_8160;6;;Rue des Rosiers;94230;94016;Cachan;;;650472.02;6854859.95;2.325819;48.791921;entrée;;;CACHAN;RUE DES ROSIERS;inconnue;inconnue;0;940160000G0058;b63f92b1-1ea9-452e-acf8-82fc65369bbe;428bf0b8-5f77-4120-9fcc-b460f0621471;e1ce01e3-3ad8-4ae8-b38b-91ad0bc88d58;nearest;0.93;0.9;000;0G;0058
94016_8160_00007;94016_8160;7;;Rue des Rosiers;94230;94016;Cachan;;;650463.69;6854848.24;2.325707;48.791815;entrée;;;CACHAN;RUE DES ROSIERS;inconnue;inconnue;0;940160000G0093;2a6acf25-c313-48a7-aa63-d871ac450458;428bf0b8-5f77-4120-9fcc-b460f0621471;e1ce01e3-3ad8-4ae8-b38b-91ad0bc88d58;nearest;0.17;0.9;000;0G;0093
94016_8160_00008;94016_8160;8;;Rue des Rosiers;94230;94016;Cachan;;;650456.11;6854855.42;2.325603;48.791879;entrée;;;CACHAN;RUE DES ROSIERS;inconnue;inconnue;0;940160000G0057;f346b78a-c308-49fe-81c8-05c11e921676;428bf0b8-5f77-4120-9fcc-b460f0621471;e1ce01e3-3ad8-4ae8-b38b-91ad0bc88d58;nearest;0.92;0.9;000;0G;0057
94016_8160_00009;94016_8160;9;;Rue des Rosiers;94230;94016;Cachan;;;650452.12;6854844.78;2.32555;48.791783;entrée;;;CACHAN;RUE DES ROSIERS;inconnue;inconnue;0;940160000G0092;b9b78921-af49-4209-95eb-6a148492180a;428bf0b8-5f77-4120-9fcc-b460f0621471;e1ce01e3-3ad8-4ae8-b38b-91ad0bc88d58;nearest;0.02;0.9;000;0G;0092
94016_8160_00010;94016_8160;10;;Rue des Rosiers;94230;94016;Cachan;;;650440.42;6854850.99;2.32539;48.791838;entrée;;;CACHAN;RUE DES ROSIERS;inconnue;inconnue;0;940160000G0056;661929a9-b385-473c-acc0-5b4f8c90635d;428bf0b8-5f77-4120-9fcc-b460f0621471;e1ce01e3-3ad8-4ae8-b38b-91ad0bc88d58;nearest;0.87;0.9;000;0G;0056
94016_8160_00011;94016_8160;11;;Rue des Rosiers;94230;94016;Cachan;;;650439.83;6854841.54;2.325383;48.791753;entrée;;;CACHAN;RUE DES ROSIERS;inconnue;inconnue;0;940160000G0091;c4ea0a66-08f9-4ef8-9269-fbe6b14d8e9b;428bf0b8-5f77-4120-9fcc-b460f0621471;e1ce01e3-3ad8-4ae8-b38b-91ad0bc88d58;nearest;0.29;0.9;000;0G;0091
94016_8160_00012;94016_8160;12;;Rue des Rosiers;94230;94016;Cachan;;;650429.37;6854847.64;2.32524;48.791807;entrée;;;CACHAN;RUE DES ROSIERS;inconnue;inconnue;0;940160000G0055;6ac236d2-9014-4094-aaf2-160be9f56e8f;428bf0b8-5f77-4120-9fcc-b460f0621471;e1ce01e3-3ad8-4ae8-b38b-91ad0bc88d58;nearest;1.06;0.9;000;0G;0055
94016_8160_00013;94016_8160;13;;Rue des Rosiers;94230;94016;Cachan;;;650428.41;6854838.31;2.325228;48.791723;entrée;;;CACHAN;RUE DES ROSIERS;inconnue;inconnue;0;940160000G0090;694169a7-bd85-4976-b17d-6b9bfa44f847;428bf0b8-5f77-4120-9fcc-b460f0621471;e1ce01e3-3ad8-4ae8-b38b-91ad0bc88d58;nearest;0.32;0.9;000;0G;0090
94016_8160_00014;94016_8160;14;;Rue des Rosiers;94230;94016;Cachan;;;650418.77;6854844.84;2.325096;48.791781;entrée;;;CACHAN;RUE DES ROSIERS;inconnue;inconnue;0;940160000G0054;ada609f3-b44e-4a9b-a6c1-f6a003eb2821;428bf0b8-5f77-4120-9fcc-b460f0621471;e1ce01e3-3ad8-4ae8-b38b-91ad0bc88d58;nearest;0.84;0.9;000;0G;0054
94016_8160_00015;94016_8160;15;;Rue des Rosiers;94230;94016;Cachan;;;650416.33;6854834.85;2.325064;48.791691;entrée;;;CACHAN;RUE DES ROSIERS;inconnue;inconnue;0;940160000G0089;6a75bc4d-ef2b-49f0-8e0d-cf4fed5dbcf9;428bf0b8-5f77-4120-9fcc-b460f0621471;e1ce01e3-3ad8-4ae8-b38b-91ad0bc88d58;nearest;0.33;0.9;000;0G;0089
94016_8160_00016;94016_8160;16;;Rue des Rosiers;94230;94016;Cachan;;;650408.53;6854841.81;2.324957;48.791753;entrée;;;CACHAN;RUE DES ROSIERS;inconnue;inconnue;0;940160000G0053;8a2262b8-4c3b-4231-83a8-e89cbd484fb6;428bf0b8-5f77-4120-9fcc-b460f0621471;e1ce01e3-3ad8-4ae8-b38b-91ad0bc88d58;nearest;0.94;0.9;000;0G;0053
94016_8160_00017;94016_8160;17;;Rue des Rosiers;94230;94016;Cachan;;;650404.33;6854831.17;2.324901;48.791657;entrée;;;CACHAN;RUE DES ROSIERS;inconnue;inconnue;0;940160000G0088;6b495e82-cd18-4d0e-b645-d72d271184d7;428bf0b8-5f77-4120-9fcc-b460f0621471;e1ce01e3-3ad8-4ae8-b38b-91ad0bc88d58;nearest;0.07;0.9;000;0G;0088
94016_8160_00018;94016_8160;18;;Rue des Rosiers;94230;94016;Cachan;;;650398.3;6854839.01;2.324818;48.791727;entrée;;;CACHAN;RUE DES ROSIERS;inconnue;inconnue;0;940160000G0052;21810b83-1a3d-4af6-8b05-73515c8269a1;428bf0b8-5f77-4120-9fcc-b460f0621471;e1ce01e3-3ad8-4ae8-b38b-91ad0bc88d58;nearest;0.81;0.9;000;0G;0052
94016_8160_00019;94016_8160;19;;Rue des Rosiers;94230;94016;Cachan;;;650392.03;6854827.72;2.324734;48.791625;entrée;;;CACHAN;RUE DES ROSIERS;inconnue;inconnue;0;940160000G0049;484f5ccb-e792-4016-94b9-7a45af3ba892;428bf0b8-5f77-4120-9fcc-b460f0621471;e1ce01e3-3ad8-4ae8-b38b-91ad0bc88d58;nearest;0.13;0.9;000;0G;0049
94016_8160_00020;94016_8160;20;;Rue des Rosiers;94230;94016;Cachan;;;650387.69;6854835.65;2.324674;48.791696;entrée;;;CACHAN;RUE DES ROSIERS;inconnue;inconnue;0;940160000G0051;72e11d8a-cbcf-48fa-bfe0-4d706e2f3a4d;428bf0b8-5f77-4120-9fcc-b460f0621471;e1ce01e3-3ad8-4ae8-b38b-91ad0bc88d58;nearest;1.14;0.9;000;0G;0051
94016_8160_00023;94016_8160;23;;Rue des Rosiers;94230;94016;Cachan;;;650350.71;6854816.29;2.324173;48.791519;segment;;;CACHAN;RUE DES ROSIERS;inconnue;inconnue;0;940160000I0219;517e4a8b-159f-471a-b6e9-1819ca5728b2;428bf0b8-5f77-4120-9fcc-b460f0621471;e1ce01e3-3ad8-4ae8-b38b-91ad0bc88d58;nearest;0.98;0.9;000;0I;0219
94016_8160_00025;94016_8160;25;;Rue des Rosiers;94230;94016;Cachan;;;650329.42;6854809.35;2.323884;48.791455;entrée;;;CACHAN;RUE DES ROSIERS;inconnue;inconnue;0;940160000I0007;14008291-9e36-429c-980d-622cfd488203;428bf0b8-5f77-4120-9fcc-b460f0621471;e1ce01e3-3ad8-4ae8-b38b-91ad0bc88d58;nearest;0.18;0.9;000;0I;0007
94016_8160_00026;94016_8160;26;;Rue des Rosiers;94230;94016;Cachan;;;650327.07;6854817.71;2.323851;48.79153;entrée;;;CACHAN;RUE DES ROSIERS;inconnue;inconnue;0;940160000I0064;72edc23f-1a04-4b31-b7f1-3e8a834b34fe;428bf0b8-5f77-4120-9fcc-b460f0621471;e1ce01e3-3ad8-4ae8-b38b-91ad0bc88d58;nearest;1.19;0.9;000;0I;0064
94016_8160_00027;94016_8160;27;;Rue des Rosiers;94230;94016;Cachan;;;650318.67;6854806.22;2.323738;48.791426;entrée;;;CACHAN;RUE DES ROSIERS;inconnue;inconnue;0;940160000I0071;dea796be-1592-41bc-8a45-7c82ed67b424;428bf0b8-5f77-4120-9fcc-b460f0621471;e1ce01e3-3ad8-4ae8-b38b-91ad0bc88d58;nearest;0.15;0.9;000;0I;0071
94016_8160_00028;94016_8160;28;;Rue des Rosiers;94230;94016;Cachan;;;650316.68;6854814.69;2.32371;48.791502;entrée;;;CACHAN;RUE DES ROSIERS;inconnue;inconnue;0;940160000I0079;d10e38de-0564-40a2-a081-474820a86286;428bf0b8-5f77-4120-9fcc-b460f0621471;e1ce01e3-3ad8-4ae8-b38b-91ad0bc88d58;nearest;1.18;0.9;000;0I;0079
94016_8160_00029;94016_8160;29;;Rue des Rosiers;94230;94016;Cachan;;;650302.61;6854801.47;2.32352;48.791382;entrée;;;CACHAN;RUE DES ROSIERS;inconnue;inconnue;0;940160000I0072;583f8c2d-94a8-4582-8d6b-47f140290b50;428bf0b8-5f77-4120-9fcc-b460f0621471;e1ce01e3-3ad8-4ae8-b38b-91ad0bc88d58;nearest;0.04;0.9;000;0I;0072
94016_8160_00030;94016_8160;30;;Rue des Rosiers;94230;94016;Cachan;;;650303.43;6854810.91;2.32353;48.791467;entrée;;;CACHAN;RUE DES ROSIERS;inconnue;inconnue;0;940160000I0080;7ac180c6-2018-4097-905e-8c11f49d2a00;428bf0b8-5f77-4120-9fcc-b460f0621471;e1ce01e3-3ad8-4ae8-b38b-91ad0bc88d58;nearest;1.22;0.9;000;0I;0080
94016_8160_00031;94016_8160;31;;Rue des Rosiers;94230;94016;Cachan;;;650287.37;6854796.93;2.323313;48.79134;entrée;;;CACHAN;RUE DES ROSIERS;inconnue;inconnue;0;940160000I0069;931c0f97-ed2e-4d6b-af2f-2ed2264e4ed7;428bf0b8-5f77-4120-9fcc-b460f0621471;e1ce01e3-3ad8-4ae8-b38b-91ad0bc88d58;within;0.0;1.0;000;0I;0069
94016_8160_00032;94016_8160;32;;Rue des Rosiers;94230;94016;Cachan;;;650290.39;6854807.24;2.323353;48.791433;entrée;;;CACHAN;RUE DES ROSIERS;inconnue;inconnue;0;940160000I0082;3de4cc8d-8aa3-4823-9224-d29d21d5ec50;428bf0b8-5f77-4120-9fcc-b460f0621471;e1ce01e3-3ad8-4ae8-b38b-91ad0bc88d58;nearest;1.09;0.9;000;0I;0082
94016_8160_00033;94016_8160;33;;Rue des Rosiers;94230;94016;Cachan;;;650268.29;6854791.42;2.323054;48.791289;entrée;;;CACHAN;RUE DES ROSIERS;inconnue;inconnue;0;940160000I0068;1998d9b6-d8a0-4113-b1f5-28012484d3b2;428bf0b8-5f77-4120-9fcc-b460f0621471;e1ce01e3-3ad8-4ae8-b38b-91ad0bc88d58;within;0.0;1.0;000;0I;0068
94016_8160_00035;94016_8160;35;;Rue des Rosiers;94230;94016;Cachan;;;650256.14;6854787.63;2.322889;48.791254;entrée;;;CACHAN;RUE DES ROSIERS;inconnue;inconnue;0;940160000I0218;a6af87e9-9293-4ccd-b547-d22bee59b13f;428bf0b8-5f77-4120-9fcc-b460f0621471;e1ce01e3-3ad8-4ae8-b38b-91ad0bc88d58;within;0.0;1.0;000;0I;0218
94016_8160_00036;94016_8160;36;;Rue des Rosiers;94230;94016;Cachan;;;650267.19;6854800.44;2.323038;48.79137;entrée;;;CACHAN;RUE DES ROSIERS;inconnue;inconnue;0;940160000I0089;1ae173e8-8189-4ba8-a114-7341d3d1aa2c;428bf0b8-5f77-4120-9fcc-b460f0621471;e1ce01e3-3ad8-4ae8-b38b-91ad0bc88d58;nearest;1.13;0.9;000;0I;0089
94016_8160_00037;94016_8160;37;;Rue des Rosiers;94230;94016;Cachan;;;650238.53;6854782.67;2.32265;48.791208;entrée;;;CACHAN;RUE DES ROSIERS;inconnue;inconnue;0;940160000I0065;34ca387f-c15a-473a-9b3e-cd7c288322d1;428bf0b8-5f77-4120-9fcc-b460f0621471;e1ce01e3-3ad8-4ae8-b38b-91ad0bc88d58;within;0.0;1.0;000;0I;0065
94016_8160_00038;94016_8160;38;;Rue des Rosiers;94230;94016;Cachan;;;650256.88;6854797.41;2.322898;48.791342;entrée;;;CACHAN;RUE DES ROSIERS;inconnue;inconnue;0;940160000I0090;8df0cd53-2333-4944-9c82-5d1d18c7e39d;428bf0b8-5f77-4120-9fcc-b460f0621471;e1ce01e3-3ad8-4ae8-b38b-91ad0bc88d58;nearest;1.18;0.9;000;0I;0090
94016_8160_00040;94016_8160;40;;Rue des Rosiers;94230;94016;Cachan;;;650246.79;6854794.49;2.322761;48.791315;entrée;;;CACHAN;RUE DES ROSIERS;inconnue;inconnue;0;940160000I0214;32edd96a-5c39-4de6-8075-55da76239fc9;428bf0b8-5f77-4120-9fcc-b460f0621471;e1ce01e3-3ad8-4ae8-b38b-91ad0bc88d58;nearest;1.19;0.9;000;0I;0214
94016_8160_00042;94016_8160;42;;Rue des Rosiers;94230;94016;Cachan;;;650236.48;6854791.47;2.322621;48.791287;entrée;;;CACHAN;RUE DES ROSIERS;inconnue;inconnue;0;940160000I0206;46395a55-51ef-4978-a5b0-c9609a90bd52;428bf0b8-5f77-4120-9fcc-b460f0621471;e1ce01e3-3ad8-4ae8-b38b-91ad0bc88d58;nearest;1.22;0.9;000;0I;0206
94016_8160_00031_bis;94016_8160;31;bis;Rue des Rosiers;94230;94016;Cachan;;;650276.03;6854794.24;2.323159;48.791315;entrée;;;CACHAN;RUE DES ROSIERS;inconnue;inconnue;0;940160000I0073;3ba12f27-b043-4847-a416-82438be054d6;428bf0b8-5f77-4120-9fcc-b460f0621471;e1ce01e3-3ad8-4ae8-b38b-91ad0bc88d58;nearest;0.48;0.9;000;0I;0073
94016_8160_00035_bis;94016_8160;35;bis;Rue des Rosiers;94230;94016;Cachan;;;650246.78;6854785.15;2.322762;48.791231;entrée;;;CACHAN;RUE DES ROSIERS;inconnue;inconnue;0;940160000I0217;e47875b5-b367-470a-a7c1-6873e4cb514b;428bf0b8-5f77-4120-9fcc-b460f0621471;e1ce01e3-3ad8-4ae8-b38b-91ad0bc88d58;within;0.0;1.0;000;0I;0217
94016_0680_00003;94016_0680;3;;Impasse du Bon Air;94230;94016;Cachan;;;650204.08;6855261.76;2.322125;48.795514;entrée;;;CACHAN;IMPASSE DU BON AIR;inconnue;inconnue;0;940160000E0012;449990f6-0048-4050-a58f-8d2f8fd8e90b;b73ebdaf-62ab-4d41-b78f-cde621b0554d;e1ce01e3-3ad8-4ae8-b38b-91ad0bc88d58;within;0.0;1.0;000;0E;0012
94016_0680_00005;94016_0680;5;;Impasse du Bon Air;94230;94016;Cachan;;;650214.12;6855259.45;2.322262;48.795494;entrée;;;CACHAN;IMPASSE DU BON AIR;inconnue;inconnue;0;940160000E0013;df4d1ac2-eab0-4a08-ae7e-a2c9174a0cf2;b73ebdaf-62ab-4d41-b78f-cde621b0554d;e1ce01e3-3ad8-4ae8-b38b-91ad0bc88d58;within;0.0;1.0;000;0E;0013
94016_0680_00009;94016_0680;9;;Impasse du Bon Air;94230;94016;Cachan;;;650230.84;6855255.64;2.32249;48.795461;entrée;;;CACHAN;IMPASSE DU BON AIR;inconnue;inconnue;0;940160000E0265;fc26d2cf-f427-4c00-969b-98196a707ac7;b73ebdaf-62ab-4d41-b78f-cde621b0554d;e1ce01e3-3ad8-4ae8-b38b-91ad0bc88d58;within;0.0;1.0;000;0E;0265
94016_0680_00013;94016_0680;13;;Impasse du Bon Air;94230;94016;Cachan;;;650245.28;6855252.07;2.322687;48.79543;entrée;;;CACHAN;IMPASSE DU BON AIR;inconnue;inconnue;0;940160000E0015;a2430fa4-5ef7-4874-a1a3-cdc68f58d935;b73ebdaf-62ab-4d41-b78f-cde621b0554d;e1ce01e3-3ad8-4ae8-b38b-91ad0bc88d58;within;0.0;1.0;000;0E;0015
94016_0680_00015;94016_0680;15;;Impasse du Bon Air;94230;94016;Cachan;;;650260.68;6855248.71;2.322897;48.795401;entrée;;;CACHAN;IMPASSE DU BON AIR;inconnue;inconnue;0;940160000E0016;d12b3a6d-d461-410f-8549-80ac21b556c0;b73ebdaf-62ab-4d41-b78f-cde621b0554d;e1ce01e3-3ad8-4ae8-b38b-91ad0bc88d58;within;0.0;1.0;000;0E;0016
94016_0680_00017;94016_0680;17;;Impasse du Bon Air;94230;94016;Cachan;;;650268.81;6855246.75;2.323008;48.795384;entrée;;;CACHAN;IMPASSE DU BON AIR;inconnue;inconnue;0;940160000E0017;0497cda0-a135-4f4b-8e5c-66a9de70912a;b73ebdaf-62ab-4d41-b78f-cde621b0554d;e1ce01e3-3ad8-4ae8-b38b-91ad0bc88d58;within;0.0;1.0;000;0E;0017
94016_0680_00019;94016_0680;19;;Impasse du Bon Air;94230;94016;Cachan;;;650275.19;6855245.25;2.323095;48.795371;entrée;;;CACHAN;IMPASSE DU BON AIR;inconnue;inconnue;0;940160000E0018;1cfc37d3-3a0e-42f9-b1e7-351191cc503b;b73ebdaf-62ab-4d41-b78f-cde621b0554d;e1ce01e3-3ad8-4ae8-b38b-91ad0bc88d58;within;0.0;1.0;000;0E;0018
94016_0680_00021;94016_0680;21;;Impasse du Bon Air;94230;94016;Cachan;;;650281.53;6855247.64;2.323181;48.795393;segment;;;CACHAN;IMPASSE DU BON AIR;inconnue;inconnue;0;940160000E0264;1a73f829-69cc-4175-8e35-41e72e5d0fd2;b73ebdaf-62ab-4d41-b78f-cde621b0554d;e1ce01e3-3ad8-4ae8-b38b-91ad0bc88d58;within;0.0;1.0;000;0E;0264
94016_5190_00001;94016_5190;1;;Avenue des Lumières;94230;94016;Cachan;;;650434.32;6855340.85;2.32525;48.796243;entrée;;;CACHAN;AVENUE DES LUMIERES;inconnue;inconnue;0;940160000D0089;b45547d4-c261-4d70-9e80-efb0f2016c86;a53c03cc-1ec8-4bde-bbf8-86b17c9d3d2c;e1ce01e3-3ad8-4ae8-b38b-91ad0bc88d58;nearest;0.09;0.9;000;0D;0089
94016_5190_00003;94016_5190;3;;Avenue des Lumières;94230;94016;Cachan;;;650421.49;6855343.52;2.325075;48.796266;entrée;;;CACHAN;AVENUE DES LUMIERES;inconnue;inconnue;0;940160000D0085;dac51641-19bf-4074-84b6-dd802001da41;a53c03cc-1ec8-4bde-bbf8-86b17c9d3d2c;e1ce01e3-3ad8-4ae8-b38b-91ad0bc88d58;nearest;0.29;0.9;000;0D;0085
94016_5190_00004;94016_5190;4;;Avenue des Lumières;94230;94016;Cachan;;;650424.5;6855351.5;2.325115;48.796338;entrée;;;CACHAN;AVENUE DES LUMIERES;inconnue;inconnue;0;940160000D0091;c873fc4c-c976-4a37-b69a-33ea91183550;a53c03cc-1ec8-4bde-bbf8-86b17c9d3d2c;e1ce01e3-3ad8-4ae8-b38b-91ad0bc88d58;nearest;1.23;0.9;000;0D;0091
94016_5190_00005;94016_5190;5;;Avenue des Lumières;94230;94016;Cachan;;;650407.41;6855345.97;2.324883;48.796287;entrée;;;CACHAN;AVENUE DES LUMIERES;inconnue;inconnue;0;940160000D0084;52df972b-926e-4bb3-a307-e8ecc441eea1;a53c03cc-1ec8-4bde-bbf8-86b17c9d3d2c;e1ce01e3-3ad8-4ae8-b38b-91ad0bc88d58;nearest;0.06;0.9;000;0D;0084
94016_5190_00006;94016_5190;6;;Avenue des Lumières;94230;94016;Cachan;;;650412.4;6855353.93;2.32495;48.796359;entrée;;;CACHAN;AVENUE DES LUMIERES;inconnue;inconnue;0;940160000D0092;2fb7fa0c-f6c9-4953-9d72-cc83d2aa854a;a53c03cc-1ec8-4bde-bbf8-86b17c9d3d2c;e1ce01e3-3ad8-4ae8-b38b-91ad0bc88d58;nearest;1.14;0.9;000;0D;0092
94016_5190_00007;94016_5190;7;;Avenue des Lumières;94230;94016;Cachan;;;650396.99;6855347.95;2.324741;48.796304;entrée;;;CACHAN;AVENUE DES LUMIERES;inconnue;inconnue;0;940160000D0083;63562344-d4e5-44b7-825b-4cd97d738ff8;a53c03cc-1ec8-4bde-bbf8-86b17c9d3d2c;e1ce01e3-3ad8-4ae8-b38b-91ad0bc88d58;nearest;0.04;0.9;000;0D;0083
94016_5190_00008;94016_5190;8;;Avenue des Lumières;94230;94016;Cachan;;;650400.59;6855356.15;2.324789;48.796378;entrée;;;CACHAN;AVENUE DES LUMIERES;inconnue;inconnue;0;940160000D0093;d8a510fe-0357-4ec6-9778-aa8b49f8799d;a53c03cc-1ec8-4bde-bbf8-86b17c9d3d2c;e1ce01e3-3ad8-4ae8-b38b-91ad0bc88d58;nearest;1.22;0.9;000;0D;0093
94016_5190_00009;94016_5190;9;;Avenue des Lumières;94230;94016;Cachan;;;650385.62;6855350.16;2.324586;48.796323;entrée;;;CACHAN;AVENUE DES LUMIERES;inconnue;inconnue;0;940160000D0082;9be122dc-3cff-4405-95dd-c7dbe3658fdd;a53c03cc-1ec8-4bde-bbf8-86b17c9d3d2c;e1ce01e3-3ad8-4ae8-b38b-91ad0bc88d58;nearest;0.07;0.9;000;0D;0082
94016_5190_00010;94016_5190;10;;Avenue des Lumières;94230;94016;Cachan;;;650390.03;6855358.24;2.324645;48.796396;entrée;;;CACHAN;AVENUE DES LUMIERES;inconnue;inconnue;0;940160000D0094;7ef3e526-a03f-4556-959c-2ab21caaaadc;a53c03cc-1ec8-4bde-bbf8-86b17c9d3d2c;e1ce01e3-3ad8-4ae8-b38b-91ad0bc88d58;nearest;1.18;0.9;000;0D;0094
94016_5190_00011;94016_5190;11;;Avenue des Lumières;94230;94016;Cachan;;;650374.18;6855352.37;2.32443;48.796342;entrée;;;CACHAN;AVENUE DES LUMIERES;inconnue;inconnue;0;940160000D0081;6521d80f-39da-4370-a085-ac49504a9de3;a53c03cc-1ec8-4bde-bbf8-86b17c9d3d2c;e1ce01e3-3ad8-4ae8-b38b-91ad0bc88d58;nearest;0.08;0.9;000;0D;0081
94016_5190_00012;94016_5190;12;;Avenue des Lumières;94230;94016;Cachan;;;650377.12;6855360.68;2.324469;48.796417;entrée;;;CACHAN;AVENUE DES LUMIERES;inconnue;inconnue;0;940160000D0095;e9d8eff8-ed14-4613-8e83-098faa0314a0;a53c03cc-1ec8-4bde-bbf8-86b17c9d3d2c;e1ce01e3-3ad8-4ae8-b38b-91ad0bc88d58;nearest;1.24;0.9;000;0D;0095
94016_5190_00013;94016_5190;13;;Avenue des Lumières;94230;94016;Cachan;;;650357.09;6855355.74;2.324197;48.796371;entrée;;;CACHAN;AVENUE DES LUMIERES;inconnue;inconnue;0;940160000D0080;8b044602-6974-4987-9158-1089f8a61543;a53c03cc-1ec8-4bde-bbf8-86b17c9d3d2c;e1ce01e3-3ad8-4ae8-b38b-91ad0bc88d58;nearest;0.12;0.9;000;0D;0080
94016_5190_00014;94016_5190;14;;Avenue des Lumières;94230;94016;Cachan;;;650331.14;6855369.75;2.323842;48.796495;entrée;;;CACHAN;AVENUE DES LUMIERES;inconnue;inconnue;0;940160000D0048;954feb8c-d937-4fe9-9bff-13af9d9f9ac9;a53c03cc-1ec8-4bde-bbf8-86b17c9d3d2c;e1ce01e3-3ad8-4ae8-b38b-91ad0bc88d58;nearest;1.07;0.9;000;0D;0048
94016_5190_00015;94016_5190;15;;Avenue des Lumières;94230;94016;Cachan;;;650324.97;6855361.91;2.323759;48.796424;entrée;;;CACHAN;AVENUE DES LUMIERES;inconnue;inconnue;0;940160000D0077;eca75ef5-7505-49d3-bffd-0ada9760c564;a53c03cc-1ec8-4bde-bbf8-86b17c9d3d2c;e1ce01e3-3ad8-4ae8-b38b-91ad0bc88d58;nearest;0.08;0.9;000;0D;0077
94016_5190_00016;94016_5190;16;;Avenue des Lumières;94230;94016;Cachan;;;650319.47;6855371.85;2.323683;48.796513;entrée;;;CACHAN;AVENUE DES LUMIERES;inconnue;inconnue;0;940160000D0049;24e34e0c-6840-4822-b0d6-fa04e234ccfa;a53c03cc-1ec8-4bde-bbf8-86b17c9d3d2c;e1ce01e3-3ad8-4ae8-b38b-91ad0bc88d58;nearest;1.24;0.9;000;0D;0049
94016_5190_00017;94016_5190;17;;Avenue des Lumières;94230;94016;Cachan;;;650311.62;6855364.47;2.323577;48.796446;entrée;;;CACHAN;AVENUE DES LUMIERES;inconnue;inconnue;0;940160000D0166;67af4604-a815-406d-8b88-a96b76b331db;a53c03cc-1ec8-4bde-bbf8-86b17c9d3d2c;e1ce01e3-3ad8-4ae8-b38b-91ad0bc88d58;nearest;0.04;0.9;000;0D;0166
94016_5190_00018;94016_5190;18;;Avenue des Lumières;94230;94016;Cachan;;;650308.69;6855373.95;2.323536;48.796531;entrée;;;CACHAN;AVENUE DES LUMIERES;inconnue;inconnue;0;940160000D0050;5b9ffadb-e0ea-419b-9910-099a9e5ea232;a53c03cc-1ec8-4bde-bbf8-86b17c9d3d2c;e1ce01e3-3ad8-4ae8-b38b-91ad0bc88d58;nearest;1.23;0.9;000;0D;0050
94016_5190_00019;94016_5190;19;;Avenue des Lumières;94230;94016;Cachan;;;650301.43;6855366.45;2.323438;48.796463;entrée;;;CACHAN;AVENUE DES LUMIERES;inconnue;inconnue;0;940160000D0075;6c75481e-0855-493a-ab05-4eb0a2d94297;a53c03cc-1ec8-4bde-bbf8-86b17c9d3d2c;e1ce01e3-3ad8-4ae8-b38b-91ad0bc88d58;nearest;0.04;0.9;000;0D;0075
94016_5190_00020;94016_5190;20;;Avenue des Lumières;94230;94016;Cachan;;;650300.7;6855375.46;2.323427;48.796544;entrée;;;CACHAN;AVENUE DES LUMIERES;inconnue;inconnue;0;940160000D0051;d685ddf4-a325-44b3-8914-c64cc60f7c2e;a53c03cc-1ec8-4bde-bbf8-86b17c9d3d2c;e1ce01e3-3ad8-4ae8-b38b-91ad0bc88d58;nearest;1.27;0.9;000;0D;0051
94016_5190_00021;94016_5190;21;;Avenue des Lumières;94230;94016;Cachan;;;650285.37;6855369.37;2.323219;48.796488;entrée;;;CACHAN;AVENUE DES LUMIERES;inconnue;inconnue;0;940160000D0072;d034f889-ee09-44ba-aa9e-4a4359d6be7f;a53c03cc-1ec8-4bde-bbf8-86b17c9d3d2c;e1ce01e3-3ad8-4ae8-b38b-91ad0bc88d58;within;0.0;1.0;000;0D;0072
94016_5190_00022;94016_5190;22;;Avenue des Lumières;94230;94016;Cachan;;;650294.17;6855376.85;2.323338;48.796556;entrée;;;CACHAN;AVENUE DES LUMIERES;inconnue;inconnue;0;940160000D0052;727052c1-d453-447e-b6ac-289cfdd1609b;a53c03cc-1ec8-4bde-bbf8-86b17c9d3d2c;e1ce01e3-3ad8-4ae8-b38b-91ad0bc88d58;nearest;1.15;0.9;000;0D;0052
94016_5190_00024;94016_5190;24;;Avenue des Lumières;94230;94016;Cachan;;;650283.98;6855378.83;2.323199;48.796573;entrée;;;CACHAN;AVENUE DES LUMIERES;inconnue;inconnue;0;940160000D0053;89663fe3-d227-4c58-ae43-c2c18adf3587;a53c03cc-1ec8-4bde-bbf8-86b17c9d3d2c;e1ce01e3-3ad8-4ae8-b38b-91ad0bc88d58;nearest;1.15;0.9;000;0D;0053
94016_5190_00025;94016_5190;25;;Avenue des Lumières;94230;94016;Cachan;;;650269.23;6855372.84;2.322999;48.796518;entrée;;;CACHAN;AVENUE DES LUMIERES;inconnue;inconnue;0;940160000D0071;36994680-08ce-4d4b-be2e-7a6e27b39540;a53c03cc-1ec8-4bde-bbf8-86b17c9d3d2c;e1ce01e3-3ad8-4ae8-b38b-91ad0bc88d58;nearest;0.16;0.9;000;0D;0071
94016_5190_00026;94016_5190;26;;Avenue des Lumières;94230;94016;Cachan;;;650268.21;6855381.85;2.322984;48.796599;entrée;;;CACHAN;AVENUE DES LUMIERES;inconnue;inconnue;0;940160000D0055;e75046c6-01e9-4d11-9f4a-2c224f14e0ed;a53c03cc-1ec8-4bde-bbf8-86b17c9d3d2c;e1ce01e3-3ad8-4ae8-b38b-91ad0bc88d58;nearest;1.18;0.9;000;0D;0055
94016_5190_00027;94016_5190;27;;Avenue des Lumières;94230;94016;Cachan;;;650259.33;6855374.7;2.322864;48.796534;entrée;;;CACHAN;AVENUE DES LUMIERES;inconnue;inconnue;0;940160000D0069;43f6e25c-e451-4d57-8f83-01b9ef296a88;a53c03cc-1ec8-4bde-bbf8-86b17c9d3d2c;e1ce01e3-3ad8-4ae8-b38b-91ad0bc88d58;nearest;0.09;0.9;000;0D;0069
94016_5190_00028;94016_5190;28;;Avenue des Lumières;94230;94016;Cachan;;;650260.8;6855383.25;2.322883;48.796611;entrée;;;CACHAN;AVENUE DES LUMIERES;inconnue;inconnue;0;940160000D0056;32ea4ad1-f7be-4af6-90d3-211e33e6ede2;a53c03cc-1ec8-4bde-bbf8-86b17c9d3d2c;e1ce01e3-3ad8-4ae8-b38b-91ad0bc88d58;nearest;1.22;0.9;000;0D;0056
94016_5190_00029;94016_5190;29;;Avenue des Lumières;94230;94016;Cachan;;;650248.92;6855376.68;2.322722;48.796551;entrée;;;CACHAN;AVENUE DES LUMIERES;inconnue;inconnue;0;940160000D0068;2dad38a1-1cab-4834-bce1-4198e5de09b9;a53c03cc-1ec8-4bde-bbf8-86b17c9d3d2c;e1ce01e3-3ad8-4ae8-b38b-91ad0bc88d58;nearest;0.05;0.9;000;0D;0068
94016_5190_00030;94016_5190;30;;Avenue des Lumières;94230;94016;Cachan;;;650251.93;6855385;2.322762;48.796626;entrée;;;CACHAN;AVENUE DES LUMIERES;inconnue;inconnue;0;940160000D0057;5d7d842f-9a34-4dc3-acb6-1fae3d0f0174;a53c03cc-1ec8-4bde-bbf8-86b17c9d3d2c;e1ce01e3-3ad8-4ae8-b38b-91ad0bc88d58;nearest;1.19;0.9;000;0D;0057
94016_5190_00031;94016_5190;31;;Avenue des Lumières;94230;94016;Cachan;;;650241.58;6855378.08;2.322622;48.796563;entrée;;;CACHAN;AVENUE DES LUMIERES;inconnue;inconnue;0;940160000D0067;9fe24a52-a7f3-415d-8244-ccd5ea22f8ce;a53c03cc-1ec8-4bde-bbf8-86b17c9d3d2c;e1ce01e3-3ad8-4ae8-b38b-91ad0bc88d58;nearest;0.02;0.9;000;0D;0067
94016_5190_00032;94016_5190;32;;Avenue des Lumières;94230;94016;Cachan;;;650236.4;6855389.8;2.32255;48.796668;entrée;;;CACHAN;AVENUE DES LUMIERES;inconnue;inconnue;0;940160000D0160;ccdedaca-86bb-4f85-8bf3-faf72f3761f7;a53c03cc-1ec8-4bde-bbf8-86b17c9d3d2c;e1ce01e3-3ad8-4ae8-b38b-91ad0bc88d58;within;0.0;1.0;000;0D;0160
94016_5190_00033;94016_5190;33;;Avenue des Lumières;94230;94016;Cachan;;;650223.03;6855381.8;2.322369;48.796595;entrée;;;CACHAN;AVENUE DES LUMIERES;inconnue;inconnue;0;940160000D0061;665f6389-7bb9-47f8-86f8-8dd3099d84a5;a53c03cc-1ec8-4bde-bbf8-86b17c9d3d2c;e1ce01e3-3ad8-4ae8-b38b-91ad0bc88d58;nearest;0.12;0.9;000;0D;0061
94016_5190_00034;94016_5190;34;;Avenue des Lumières;94230;94016;Cachan;;;650238.28;6855387.34;2.322576;48.796646;entrée;;;CACHAN;AVENUE DES LUMIERES;inconnue;inconnue;0;940160000D0058;175cbea4-3c33-419b-a9aa-434e464bc0ad;a53c03cc-1ec8-4bde-bbf8-86b17c9d3d2c;e1ce01e3-3ad8-4ae8-b38b-91ad0bc88d58;nearest;1.49;0.9;000;0D;0058
94016_5190_00035;94016_5190;35;;Avenue des Lumières;94230;94016;Cachan;;;650211.6;6855385.34;2.322213;48.796626;segment;;;CACHAN;AVENUE DES LUMIERES;inconnue;inconnue;0;940160000D0061;911f71f8-0608-4330-b972-41b6bd3d1372;a53c03cc-1ec8-4bde-bbf8-86b17c9d3d2c;e1ce01e3-3ad8-4ae8-b38b-91ad0bc88d58;nearest;3.93;0.9;000;0D;0061
94016_5190_00003_bis;94016_5190;3;bis;Avenue des Lumières;94230;94016;Cachan;;;650416.8;6855344.44;2.325011;48.796274;entrée;;;CACHAN;AVENUE DES LUMIERES;inconnue;inconnue;0;940160000D0085;6a57bcdf-65c5-4787-b630-a3924701e4b9;a53c03cc-1ec8-4bde-bbf8-86b17c9d3d2c;e1ce01e3-3ad8-4ae8-b38b-91ad0bc88d58;nearest;0.34;0.9;000;0D;0085
94016_5190_00031_bis;94016_5190;31;bis;Avenue des Lumières;94230;94016;Cachan;;;650234.33;6855379.81;2.322523;48.796578;entrée;;;CACHAN;AVENUE DES LUMIERES;inconnue;inconnue;0;940160000D0066;6e92bf6a-4292-424e-96d6-3a6de3149bfd;a53c03cc-1ec8-4bde-bbf8-86b17c9d3d2c;e1ce01e3-3ad8-4ae8-b38b-91ad0bc88d58;nearest;0.32;0.9;000;0D;0066
94016_5190_00024_bis;94016_5190;24;bis;Avenue des Lumières;94230;94016;Cachan;;;650273.93;6855380.69;2.323062;48.796589;entrée;;;CACHAN;AVENUE DES LUMIERES;inconnue;inconnue;0;940160000D0054;7f25df2e-7d06-42b3-aa1f-b7305642efa3;a53c03cc-1ec8-4bde-bbf8-86b17c9d3d2c;e1ce01e3-3ad8-4ae8-b38b-91ad0bc88d58;nearest;1.23;0.9;000;0D;0054
94016_5190_00001_bis;94016_5190;1;bis;Avenue des Lumières;94230;94016;Cachan;;;650425.3;6855342.82;2.325127;48.79626;entrée;;;CACHAN;AVENUE DES LUMIERES;inconnue;inconnue;0;940160000D0088;8c91fa60-63f8-442f-a353-d0b8690f055c;a53c03cc-1ec8-4bde-bbf8-86b17c9d3d2c;e1ce01e3-3ad8-4ae8-b38b-91ad0bc88d58;nearest;0.32;0.9;000;0D;0088
94016_9985_00001;94016_9985;1;;Rue de l'Yser;94230;94016;Cachan;;;650390.7;6854964.94;2.3247;48.792859;entrée;;;CACHAN;RUE DE L YSER;inconnue;inconnue;0;940160000G0064;7ac7fe66-1873-4d13-93dc-272e8a9c9933;53efcfd8-59a3-4a29-96a8-0c58af468327;e1ce01e3-3ad8-4ae8-b38b-91ad0bc88d58;nearest;1.11;0.9;000;0G;0064
94016_9985_00002;94016_9985;2;;Rue de l'Yser;94230;94016;Cachan;;;650383.31;6854967.68;2.324599;48.792883;entrée;;;CACHAN;RUE DE L YSER;inconnue;inconnue;0;940160000G0101;c3baf008-3655-4b26-b3a8-c83753826bf7;53efcfd8-59a3-4a29-96a8-0c58af468327;e1ce01e3-3ad8-4ae8-b38b-91ad0bc88d58;nearest;1.76;0.9;000;0G;0101
94016_9985_00004;94016_9985;4;;Rue de l'Yser;94230;94016;Cachan;;;650376.37;6854955.17;2.324506;48.79277;entrée;;;CACHAN;RUE DE L YSER;inconnue;inconnue;0;940160000G0078;73b7f3f0-133a-4da7-8086-4bf80cd0498e;53efcfd8-59a3-4a29-96a8-0c58af468327;e1ce01e3-3ad8-4ae8-b38b-91ad0bc88d58;nearest;1.19;0.9;000;0G;0078
94016_9985_00005;94016_9985;5;;Rue de l'Yser;94230;94016;Cachan;;;650380.08;6854943.02;2.324558;48.792661;entrée;;;CACHAN;RUE DE L YSER;inconnue;inconnue;0;940160000G0065;51aa5107-bc37-4d8d-b5bf-bfcc7de3282b;53efcfd8-59a3-4a29-96a8-0c58af468327;e1ce01e3-3ad8-4ae8-b38b-91ad0bc88d58;nearest;0.25;0.9;000;0G;0065
94016_9985_00006;94016_9985;6;;Rue de l'Yser;94230;94016;Cachan;;;650370.32;6854943.44;2.324425;48.792664;entrée;;;CACHAN;RUE DE L YSER;inconnue;inconnue;0;940160000G0077;594d0690-be52-406b-a7a8-c787218a2596;53efcfd8-59a3-4a29-96a8-0c58af468327;e1ce01e3-3ad8-4ae8-b38b-91ad0bc88d58;nearest;1.22;0.9;000;0G;0077
94016_9985_00007;94016_9985;7;;Rue de l'Yser;94230;94016;Cachan;;;650372.39;6854928.18;2.324455;48.792527;entrée;;;CACHAN;RUE DE L YSER;inconnue;inconnue;0;940160000G0066;11458d9b-c2c6-4356-b7f0-0822d615d812;53efcfd8-59a3-4a29-96a8-0c58af468327;e1ce01e3-3ad8-4ae8-b38b-91ad0bc88d58;nearest;0.27;0.9;000;0G;0066
94016_9985_00008;94016_9985;8;;Rue de l'Yser;94230;94016;Cachan;;;650362.62;6854928.49;2.324322;48.792529;entrée;;;CACHAN;RUE DE L YSER;inconnue;inconnue;0;940160000G0076;a6fbd309-dd43-4687-a84e-cb02622cbd79;53efcfd8-59a3-4a29-96a8-0c58af468327;e1ce01e3-3ad8-4ae8-b38b-91ad0bc88d58;nearest;1.25;0.9;000;0G;0076
94016_4135_00001;94016_4135;1;;Rue Gaston Audat;94230;94016;Cachan;;;651376.88;6854873.09;2.338134;48.792108;entrée;;;CACHAN;RUE GASTON AUDAT;inconnue;inconnue;0;94016000AB0037;f2190f0c-523c-41bc-852b-8a20e44892c5;69c0e9a8-ec6b-4f08-a3a6-beb1f99e9845;e1ce01e3-3ad8-4ae8-b38b-91ad0bc88d58;nearest;1.25;0.9;000;AB;0037
94016_4135_00002;94016_4135;2;;Rue Gaston Audat;94230;94016;Cachan;;;651374.77;6854866.66;2.338106;48.79205;entrée;;;CACHAN;RUE GASTON AUDAT;inconnue;inconnue;0;94016000AB0053;41e39b8f-8673-4ece-a16f-2ca70d743833;69c0e9a8-ec6b-4f08-a3a6-beb1f99e9845;e1ce01e3-3ad8-4ae8-b38b-91ad0bc88d58;nearest;0.03;0.9;000;AB;0053
94016_4135_00003;94016_4135;3;;Rue Gaston Audat;94230;94016;Cachan;;;651389.82;6854866.31;2.338311;48.792048;entrée;;;CACHAN;RUE GASTON AUDAT;inconnue;inconnue;0;94016000AB0038;c7694e4f-d06b-4d1f-aa39-cf332f208e19;69c0e9a8-ec6b-4f08-a3a6-beb1f99e9845;e1ce01e3-3ad8-4ae8-b38b-91ad0bc88d58;nearest;1.23;0.9;000;AB;0038
94016_4135_00004;94016_4135;4;;Rue Gaston Audat;94230;94016;Cachan;;;651391.52;6854857.95;2.338335;48.791973;entrée;;;CACHAN;RUE GASTON AUDAT;inconnue;inconnue;0;94016000AB0477;fb008899-35d4-4cc7-8f44-9283adde8348;69c0e9a8-ec6b-4f08-a3a6-beb1f99e9845;e1ce01e3-3ad8-4ae8-b38b-91ad0bc88d58;nearest;0.08;0.9;000;AB;0477
94016_4135_00006;94016_4135;6;;Rue Gaston Audat;94230;94016;Cachan;;;651407.97;6854849.25;2.33856;48.791896;entrée;;;CACHAN;RUE GASTON AUDAT;inconnue;inconnue;0;94016000AB0421;36657dab-214c-44b6-ba4b-15a4ec98c9a9;69c0e9a8-ec6b-4f08-a3a6-beb1f99e9845;e1ce01e3-3ad8-4ae8-b38b-91ad0bc88d58;within;0.0;1.0;000;AB;0421
94016_4135_00008;94016_4135;8;;Rue Gaston Audat;94230;94016;Cachan;;;651424.29;6854840.67;2.338783;48.79182;entrée;;;CACHAN;RUE GASTON AUDAT;inconnue;inconnue;0;94016000AB0050;93504ba6-fc05-43c1-8ba0-bd8cbe35c924;69c0e9a8-ec6b-4f08-a3a6-beb1f99e9845;e1ce01e3-3ad8-4ae8-b38b-91ad0bc88d58;within;0.0;1.0;000;AB;0050
94016_4135_00009;94016_4135;9;;Rue Gaston Audat;94230;94016;Cachan;;;651440.88;6854839.64;2.339009;48.791812;entrée;;;CACHAN;RUE GASTON AUDAT;inconnue;inconnue;0;94016000AB0042;06b1042a-d322-42f5-9aa5-52ab7d571d1d;69c0e9a8-ec6b-4f08-a3a6-beb1f99e9845;e1ce01e3-3ad8-4ae8-b38b-91ad0bc88d58;nearest;1.25;0.9;000;AB;0042
94016_4135_00010;94016_4135;10;;Rue Gaston Audat;94230;94016;Cachan;;;651439.57;6854832.64;2.338992;48.791749;entrée;;;CACHAN;RUE GASTON AUDAT;inconnue;inconnue;0;94016000AB0045;1c1c7c80-aa41-4f87-8e42-fbde0f9e7f51;69c0e9a8-ec6b-4f08-a3a6-beb1f99e9845;e1ce01e3-3ad8-4ae8-b38b-91ad0bc88d58;within;0.0;1.0;000;AB;0045
94016_4135_00012;94016_4135;12;;Rue Gaston Audat;94230;94016;Cachan;;;651452.81;6854825.97;2.339173;48.79169;entrée;;;CACHAN;RUE GASTON AUDAT;inconnue;inconnue;0;94016000AB0044;57f11f3e-d431-4019-b792-5a6001f94b83;69c0e9a8-ec6b-4f08-a3a6-beb1f99e9845;e1ce01e3-3ad8-4ae8-b38b-91ad0bc88d58;nearest;0.2;0.9;000;AB;0044
94016_4135_00005_b;94016_4135;5;b;Rue Gaston Audat;94230;94016;Cachan;;;651417.4;6854851.51;2.338688;48.791917;entrée;;;CACHAN;RUE GASTON AUDAT;inconnue;inconnue;0;94016000AB0040;e1a31ef6-8800-49f0-b59e-bb5379d25ade;69c0e9a8-ec6b-4f08-a3a6-beb1f99e9845;e1ce01e3-3ad8-4ae8-b38b-91ad0bc88d58;nearest;1.6;0.9;000;AB;0040
94016_4135_00004_bis;94016_4135;4;bis;Rue Gaston Audat;94230;94016;Cachan;;;651401.68;6854852.64;2.338474;48.791926;entrée;;;CACHAN;RUE GASTON AUDAT;inconnue;inconnue;0;94016000AB0422;b92d0715-8f5d-47ff-9a71-72619930a529;69c0e9a8-ec6b-4f08-a3a6-beb1f99e9845;e1ce01e3-3ad8-4ae8-b38b-91ad0bc88d58;nearest;0.09;0.9;000;AB;0422
94016_4135_00002_bis;94016_4135;2;bis;Rue Gaston Audat;94230;94016;Cachan;;;651382.29;6854862.15;2.338209;48.79201;entrée;;;CACHAN;RUE GASTON AUDAT;inconnue;inconnue;0;94016000AB0053;007fae3e-18c3-4810-a81e-e55fb39356f8;69c0e9a8-ec6b-4f08-a3a6-beb1f99e9845;e1ce01e3-3ad8-4ae8-b38b-91ad0bc88d58;within;0.0;1.0;000;AB;0053
94016_6137_00001;94016_6137;1;;Villa Marguerite;94230;94016;Cachan;;;650444.97;6855864.59;2.325334;48.800954;entrée;;;CACHAN;VILLA MARGUERITE;inconnue;inconnue;0;940160000A0024;a724c14e-337b-4b71-973b-eb94b45bdc47;a7c512ed-5e82-460d-b418-80f28431682f;e1ce01e3-3ad8-4ae8-b38b-91ad0bc88d58;within;0.0;1.0;000;0A;0024
94016_6137_00002;94016_6137;2;;Villa Marguerite;94230;94016;Cachan;;;650448.91;6855862.11;2.325388;48.800932;entrée;;;CACHAN;VILLA MARGUERITE;inconnue;inconnue;0;940160000A0025;18b60dc3-b0ec-4b69-8ebe-c7f326f2e2b0;a7c512ed-5e82-460d-b418-80f28431682f;e1ce01e3-3ad8-4ae8-b38b-91ad0bc88d58;within;0.0;1.0;000;0A;0025
94016_6137_00003;94016_6137;3;;Villa Marguerite;94230;94016;Cachan;;;650440.62;6855854.95;2.325276;48.800867;entrée;;;CACHAN;VILLA MARGUERITE;inconnue;inconnue;0;940160000A0023;946d1bb4-d5f4-4ce8-ab45-11ce64d69934;a7c512ed-5e82-460d-b418-80f28431682f;e1ce01e3-3ad8-4ae8-b38b-91ad0bc88d58;within;0.0;1.0;000;0A;0023
94016_6137_00004;94016_6137;4;;Villa Marguerite;94230;94016;Cachan;;;650444.79;6855852.69;2.325333;48.800847;entrée;;;CACHAN;VILLA MARGUERITE;inconnue;inconnue;0;940160000A0026;50487e94-b082-4e23-87ca-33801f28f1e8;a7c512ed-5e82-460d-b418-80f28431682f;e1ce01e3-3ad8-4ae8-b38b-91ad0bc88d58;within;0.0;1.0;000;0A;0026
94016_6137_00005;94016_6137;5;;Villa Marguerite;94230;94016;Cachan;;;650438.23;6855849.75;2.325244;48.80082;entrée;;;CACHAN;VILLA MARGUERITE;inconnue;inconnue;0;940160000A0022;acde2cae-7311-445b-b031-0c45bdae6400;a7c512ed-5e82-460d-b418-80f28431682f;e1ce01e3-3ad8-4ae8-b38b-91ad0bc88d58;within;0.0;1.0;000;0A;0022
94016_6137_00006;94016_6137;6;;Villa Marguerite;94230;94016;Cachan;;;650442.77;6855847.71;2.325306;48.800802;entrée;;;CACHAN;VILLA MARGUERITE;inconnue;inconnue;0;940160000A0027;46237aae-e7c3-46b8-81bd-6f13433bad42;a7c512ed-5e82-460d-b418-80f28431682f;e1ce01e3-3ad8-4ae8-b38b-91ad0bc88d58;within;0.0;1.0;000;0A;0027
94016_6137_00007;94016_6137;7;;Villa Marguerite;94230;94016;Cachan;;;650437.9;6855845.75;2.32524;48.800784;entrée;;;CACHAN;VILLA MARGUERITE;inconnue;inconnue;0;940160000A0022;869b6761-3534-4760-b8b9-ad3aba92e5ce;a7c512ed-5e82-460d-b418-80f28431682f;e1ce01e3-3ad8-4ae8-b38b-91ad0bc88d58;within;0.0;1.0;000;0A;0022
94016_6137_00008;94016_6137;8;;Villa Marguerite;94230;94016;Cachan;;;650439.73;6855844.51;2.325265;48.800773;entrée;;;CACHAN;VILLA MARGUERITE;inconnue;inconnue;0;940160000A0027;15a4f617-5bfc-4ccd-b164-e3044e9cd010;a7c512ed-5e82-460d-b418-80f28431682f;e1ce01e3-3ad8-4ae8-b38b-91ad0bc88d58;within;0.0;1.0;000;0A;0027
94016_8181_00001;94016_8181;1;;Rue du Rungis;94230;94016;Cachan;;;651553.18;6855249.67;2.340491;48.795508;entrée;;;CACHAN;RUE DU RUNGIS;inconnue;inconnue;0;940160000V0059;96a49744-188f-48f3-81e0-e5156f66007a;efec04c1-52a8-41e7-83fc-3f4557c99434;e1ce01e3-3ad8-4ae8-b38b-91ad0bc88d58;nearest;2.19;0.9;000;0V;0059
94016_8181_00003;94016_8181;3;;Rue du Rungis;94230;94016;Cachan;;;651557.5;6855238.85;2.340551;48.795411;entrée;;;CACHAN;RUE DU RUNGIS;inconnue;inconnue;0;940160000V0057;f4a3912b-b202-4360-ae5a-5b4ad4be96d4;efec04c1-52a8-41e7-83fc-3f4557c99434;e1ce01e3-3ad8-4ae8-b38b-91ad0bc88d58;nearest;1.97;0.9;000;0V;0057
94016_8181_00004;94016_8181;4;;Rue du Rungis;94230;94016;Cachan;;;651556.56;6855214.61;2.340541;48.795193;segment;;;CACHAN;RUE DU RUNGIS;inconnue;inconnue;0;940160000V0043;8e7dfa3e-b6a1-4a86-b1d6-f7d9798538bf;efec04c1-52a8-41e7-83fc-3f4557c99434;e1ce01e3-3ad8-4ae8-b38b-91ad0bc88d58;within;0.0;1.0;000;0V;0043
94016_8181_00005;94016_8181;5;;Rue du Rungis;94230;94016;Cachan;;;651561.67;6855227.47;2.340609;48.795309;entrée;;;CACHAN;RUE DU RUNGIS;inconnue;inconnue;0;940160000V0303;508e551d-b750-4572-8ee3-6bbb1ccb322f;efec04c1-52a8-41e7-83fc-3f4557c99434;e1ce01e3-3ad8-4ae8-b38b-91ad0bc88d58;nearest;2.16;0.9;000;0V;0303
94016_8181_00006;94016_8181;6;;Rue du Rungis;94230;94016;Cachan;;;651559.61;6855209.7;2.340583;48.795149;entrée;;;CACHAN;RUE DU RUNGIS;inconnue;inconnue;0;940160000V0042;105a95da-17b5-4a38-b958-670c41fc69ff;efec04c1-52a8-41e7-83fc-3f4557c99434;e1ce01e3-3ad8-4ae8-b38b-91ad0bc88d58;nearest;0.29;0.9;000;0V;0042
94016_8181_00007;94016_8181;7;;Rue du Rungis;94230;94016;Cachan;;;651567.27;6855212.52;2.340687;48.795175;entrée;;;CACHAN;RUE DU RUNGIS;inconnue;inconnue;0;940160000V0054;7104604e-f625-49c7-b2e3-8bddd8d34810;efec04c1-52a8-41e7-83fc-3f4557c99434;e1ce01e3-3ad8-4ae8-b38b-91ad0bc88d58;nearest;2.24;0.9;000;0V;0054
94016_8181_00008;94016_8181;8;;Rue du Rungis;94230;94016;Cachan;;;651565.43;6855193.86;2.340664;48.795007;entrée;;;CACHAN;RUE DU RUNGIS;inconnue;inconnue;0;940160000V0313;bd1ba99f-040b-4f2a-a65d-b518910c7101;efec04c1-52a8-41e7-83fc-3f4557c99434;e1ce01e3-3ad8-4ae8-b38b-91ad0bc88d58;nearest;0.09;0.9;000;0V;0313
94016_8181_00009;94016_8181;9;;Rue du Rungis;94230;94016;Cachan;;;651571.52;6855201.7;2.340746;48.795078;entrée;;;CACHAN;RUE DU RUNGIS;inconnue;inconnue;0;940160000V0052;9c52d9ce-2d22-4a34-8095-559f4b41993b;efec04c1-52a8-41e7-83fc-3f4557c99434;e1ce01e3-3ad8-4ae8-b38b-91ad0bc88d58;nearest;2.06;0.9;000;0V;0052
94016_8181_00010;94016_8181;10;;Rue du Rungis;94230;94016;Cachan;;;651573.12;6855173.56;2.340771;48.794825;entrée;;;CACHAN;RUE DU RUNGIS;inconnue;inconnue;0;940160000V0046;17f937e9-29bf-4b21-b321-42563c2ee192;efec04c1-52a8-41e7-83fc-3f4557c99434;e1ce01e3-3ad8-4ae8-b38b-91ad0bc88d58;nearest;0.15;0.9;000;0V;0046
94016_8181_00011;94016_8181;11;;Rue du Rungis;94230;94016;Cachan;;;651574.53;6855193.67;2.340788;48.795006;entrée;;;CACHAN;RUE DU RUNGIS;inconnue;inconnue;0;940160000V0051;249e4519-dac5-4b8f-b78c-c5d344012d46;efec04c1-52a8-41e7-83fc-3f4557c99434;e1ce01e3-3ad8-4ae8-b38b-91ad0bc88d58;nearest;2.09;0.9;000;0V;0051
94016_8181_00012;94016_8181;12;;Rue du Rungis;94230;94016;Cachan;;;651575.99;6855165.86;2.340811;48.794756;entrée;;;CACHAN;RUE DU RUNGIS;inconnue;inconnue;0;940160000V0047;17aaa83e-c3e9-4572-adf6-58401a2e9de4;efec04c1-52a8-41e7-83fc-3f4557c99434;e1ce01e3-3ad8-4ae8-b38b-91ad0bc88d58;nearest;0.12;0.9;000;0V;0047
94016_8181_00013;94016_8181;13;;Rue du Rungis;94230;94016;Cachan;;;651577.69;6855184.97;2.340832;48.794928;entrée;;;CACHAN;RUE DU RUNGIS;inconnue;inconnue;0;940160000V0050;c0779a9a-a2ef-489c-ac32-ff4bf324c8c1;efec04c1-52a8-41e7-83fc-3f4557c99434;e1ce01e3-3ad8-4ae8-b38b-91ad0bc88d58;nearest;2.27;0.9;000;0V;0050
94016_8181_00014;94016_8181;14;;Rue du Rungis;94230;94016;Cachan;;;651582.18;6855150.02;2.340897;48.794614;entrée;;;CACHAN;RUE DU RUNGIS;inconnue;inconnue;0;940160000V0186;215e138e-bb9c-4fef-8eae-86cc933f308b;efec04c1-52a8-41e7-83fc-3f4557c99434;e1ce01e3-3ad8-4ae8-b38b-91ad0bc88d58;nearest;0.36;0.9;000;0V;0186
94016_8181_00015;94016_8181;15;;Rue du Rungis;94230;94016;Cachan;;;651580.71;6855176.5;2.340874;48.794852;entrée;;;CACHAN;RUE DU RUNGIS;inconnue;inconnue;0;940160000V0049;b7f66a42-d7d5-4867-a37c-47d412c97b6a;efec04c1-52a8-41e7-83fc-3f4557c99434;e1ce01e3-3ad8-4ae8-b38b-91ad0bc88d58;nearest;2.54;0.9;000;0V;0049
94016_8181_00017;94016_8181;17;;Rue du Rungis;94230;94016;Cachan;;;651584.81;6855166.23;2.340931;48.79476;entrée;;;CACHAN;RUE DU RUNGIS;inconnue;inconnue;0;940160000V0048;4f761458-030d-4e75-9b9d-a4cc2f7b9899;efec04c1-52a8-41e7-83fc-3f4557c99434;e1ce01e3-3ad8-4ae8-b38b-91ad0bc88d58;nearest;2.25;0.9;000;0V;0048
94016_8181_00019;94016_8181;19;;Rue du Rungis;94230;94016;Cachan;;;651593.52;6855144.37;2.341052;48.794564;entrée;;;CACHAN;RUE DU RUNGIS;inconnue;inconnue;0;940160000V0183;60484fec-62a2-4aee-8a5c-fce68f2bd2c2;efec04c1-52a8-41e7-83fc-3f4557c99434;e1ce01e3-3ad8-4ae8-b38b-91ad0bc88d58;within;0.0;1.0;000;0V;0183
94016_8181_00020;94016_8181;20;;Rue du Rungis;94230;94016;Cachan;;;651604.36;6855097.24;2.341205;48.794141;entrée;;;CACHAN;RUE DU RUNGIS;inconnue;inconnue;0;940160000V0335;01343ca9-99f3-4467-b31d-264412e6700b;efec04c1-52a8-41e7-83fc-3f4557c99434;e1ce01e3-3ad8-4ae8-b38b-91ad0bc88d58;within;0.0;1.0;000;0V;0335
94016_8181_00021;94016_8181;21;;Rue du Rungis;94230;94016;Cachan;;;651597.69;6855133.43;2.34111;48.794466;segment;;;CACHAN;RUE DU RUNGIS;inconnue;inconnue;0;940160000V0264;4a7388bd-0946-41cd-bed5-92dfcbf3a9b5;efec04c1-52a8-41e7-83fc-3f4557c99434;e1ce01e3-3ad8-4ae8-b38b-91ad0bc88d58;within;0.0;1.0;000;0V;0264
94016_8181_00025;94016_8181;25;;Rue du Rungis;94230;94016;Cachan;;;651610.92;6855099.85;2.341294;48.794165;entrée;;;CACHAN;RUE DU RUNGIS;inconnue;inconnue;0;940160000V0337;bf74aaae-365e-41ce-8bde-86a3abd464a8;efec04c1-52a8-41e7-83fc-3f4557c99434;e1ce01e3-3ad8-4ae8-b38b-91ad0bc88d58;within;0.0;1.0;000;0V;0337
94016_9620_00002;94016_9620;2;;Avenue Vatier;94230;94016;Cachan;;;650917.92;6854559.17;2.331923;48.78925;entrée;;;CACHAN;AVENUE VATIER;inconnue;inconnue;0;940160000O0084;90adc9e2-5aa8-4a13-9b24-c891c599f5f6;50dd663e-d6b3-4760-982c-6ffbffce17d6;e1ce01e3-3ad8-4ae8-b38b-91ad0bc88d58;nearest;1.4;0.9;000;0O;0084
94016_9620_00004;94016_9620;4;;Avenue Vatier;94230;94016;Cachan;;;650909.98;6854550.67;2.331816;48.789173;entrée;;;CACHAN;AVENUE VATIER;inconnue;inconnue;0;940160000O0085;1c50518a-9aed-48b6-8e6c-38078f5a62d4;50dd663e-d6b3-4760-982c-6ffbffce17d6;e1ce01e3-3ad8-4ae8-b38b-91ad0bc88d58;nearest;1.4;0.9;000;0O;0085
94016_9620_00006;94016_9620;6;;Avenue Vatier;94230;94016;Cachan;;;650901.68;6854541.85;2.331704;48.789093;entrée;;;CACHAN;AVENUE VATIER;inconnue;inconnue;0;940160000O0086;0350b24f-6b09-44d4-bbd7-3cdf170a249c;50dd663e-d6b3-4760-982c-6ffbffce17d6;e1ce01e3-3ad8-4ae8-b38b-91ad0bc88d58;nearest;1.3;0.9;000;0O;0086
94016_9620_00008;94016_9620;8;;Avenue Vatier;94230;94016;Cachan;;;650893.37;6854532.91;2.331592;48.789012;entrée;;;CACHAN;AVENUE VATIER;inconnue;inconnue;0;940160000O0087;3ff09027-500a-472f-816f-40ef2622438a;50dd663e-d6b3-4760-982c-6ffbffce17d6;e1ce01e3-3ad8-4ae8-b38b-91ad0bc88d58;nearest;1.32;0.9;000;0O;0087
94016_9620_00010;94016_9620;10;;Avenue Vatier;94230;94016;Cachan;;;650885.22;6854524.19;2.331482;48.788933;entrée;;;CACHAN;AVENUE VATIER;inconnue;inconnue;0;940160000O0088;394eb5d7-b83e-4d60-918f-c9f1dbf9de66;50dd663e-d6b3-4760-982c-6ffbffce17d6;e1ce01e3-3ad8-4ae8-b38b-91ad0bc88d58;nearest;1.32;0.9;000;0O;0088
94016_9620_00012;94016_9620;12;;Avenue Vatier;94230;94016;Cachan;;;650876.99;6854515.37;2.331371;48.788853;entrée;;;CACHAN;AVENUE VATIER;inconnue;inconnue;0;940160000O0092;d2612544-2a64-4202-8570-aaa888285faa;50dd663e-d6b3-4760-982c-6ffbffce17d6;e1ce01e3-3ad8-4ae8-b38b-91ad0bc88d58;nearest;1.36;0.9;000;0O;0092
94016_9620_00014;94016_9620;14;;Avenue Vatier;94230;94016;Cachan;;;650868.98;6854506.87;2.331263;48.788776;entrée;;;CACHAN;AVENUE VATIER;inconnue;inconnue;0;940160000O0067;7858f0b2-e397-4431-b303-84e20255f305;50dd663e-d6b3-4760-982c-6ffbffce17d6;e1ce01e3-3ad8-4ae8-b38b-91ad0bc88d58;nearest;1.36;0.9;000;0O;0067
94016_9620_00016;94016_9620;16;;Avenue Vatier;94230;94016;Cachan;;;650858.83;6854496.29;2.331126;48.78868;entrée;;;CACHAN;AVENUE VATIER;inconnue;inconnue;0;940160000O0066;6e1c9883-247e-42db-b1da-0176d4542289;50dd663e-d6b3-4760-982c-6ffbffce17d6;e1ce01e3-3ad8-4ae8-b38b-91ad0bc88d58;nearest;1.19;0.9;000;0O;0066
94016_9620_00018;94016_9620;18;;Avenue Vatier;94230;94016;Cachan;;;650852.23;6854489.34;2.331037;48.788617;entrée;;;CACHAN;AVENUE VATIER;inconnue;inconnue;0;940160000O0065;0c25c7a9-4b52-4bc2-880d-fa5a12bc619f;50dd663e-d6b3-4760-982c-6ffbffce17d6;e1ce01e3-3ad8-4ae8-b38b-91ad0bc88d58;nearest;1.1;0.9;000;0O;0065
94016_9620_00020;94016_9620;20;;Avenue Vatier;94230;94016;Cachan;;;650846.89;6854483.82;2.330965;48.788567;entrée;;;CACHAN;AVENUE VATIER;inconnue;inconnue;0;940160000O0065;045f3913-9be4-4c07-84fe-bbd1db8a54f6;50dd663e-d6b3-4760-982c-6ffbffce17d6;e1ce01e3-3ad8-4ae8-b38b-91ad0bc88d58;nearest;0.9;0.9;000;0O;0065
94016_3162_00001;94016_3162;1;;Villa de l’Esperance;94230;94016;Cachan;;;650492.21;6855771.34;2.325988;48.800119;entrée;;;CACHAN;VILLA DE L ESPERANCE;inconnue;inconnue;0;940160000A0101;271b76b6-75cd-426e-b201-5c695e2a811c;64d99e49-63ec-43ba-81db-8f82f6190a93;e1ce01e3-3ad8-4ae8-b38b-91ad0bc88d58;within;0.0;1.0;000;0A;0101
94016_3162_00003;94016_3162;3;;Villa de l’Esperance;94230;94016;Cachan;;;650487.49;6855760.93;2.325925;48.800025;entrée;;;CACHAN;VILLA DE L ESPERANCE;inconnue;inconnue;0;940160000A0102;626243e3-fab8-4dd5-ad79-b09156343b9f;64d99e49-63ec-43ba-81db-8f82f6190a93;e1ce01e3-3ad8-4ae8-b38b-91ad0bc88d58;within;0.0;1.0;000;0A;0102
94016_3162_00004;94016_3162;4;;Villa de l’Esperance;94230;94016;Cachan;;;650491.17;6855761.01;2.325975;48.800026;entrée;;;CACHAN;VILLA DE L ESPERANCE;inconnue;inconnue;0;940160000A0109;9da1d50d-0c97-4afa-8e5f-e9aa0a8aa2e8;64d99e49-63ec-43ba-81db-8f82f6190a93;e1ce01e3-3ad8-4ae8-b38b-91ad0bc88d58;within;0.0;1.0;000;0A;0109
94016_3162_00005;94016_3162;5;;Villa de l’Esperance;94230;94016;Cachan;;;650483.47;6855753.73;2.325871;48.79996;entrée;;;CACHAN;VILLA DE L ESPERANCE;inconnue;inconnue;0;940160000A0103;92e750c4-bf4d-4f55-a233-b25e22c4c16b;64d99e49-63ec-43ba-81db-8f82f6190a93;e1ce01e3-3ad8-4ae8-b38b-91ad0bc88d58;within;0.0;1.0;000;0A;0103
94016_3162_00006;94016_3162;6;;Villa de l’Esperance;94230;94016;Cachan;;;650488.23;6855752.03;2.325936;48.799945;entrée;;;CACHAN;VILLA DE L ESPERANCE;inconnue;inconnue;0;940160000A0108;6e94869e-3c84-40fb-95cf-697acbcb339f;64d99e49-63ec-43ba-81db-8f82f6190a93;e1ce01e3-3ad8-4ae8-b38b-91ad0bc88d58;within;0.0;1.0;000;0A;0108
94016_3162_00007;94016_3162;7;;Villa de l’Esperance;94230;94016;Cachan;;;650482.98;6855748.96;2.325865;48.799917;entrée;;;CACHAN;VILLA DE L ESPERANCE;inconnue;inconnue;0;940160000A0104;bf0a242a-a745-4bcc-9034-d340df9bfb5e;64d99e49-63ec-43ba-81db-8f82f6190a93;e1ce01e3-3ad8-4ae8-b38b-91ad0bc88d58;within;0.0;1.0;000;0A;0104
94016_3162_00008;94016_3162;8;;Villa de l’Esperance;94230;94016;Cachan;;;650485.11;6855747.94;2.325894;48.799908;entrée;;;CACHAN;VILLA DE L ESPERANCE;inconnue;inconnue;0;940160000A0107;e42010e0-b4c4-41bd-b929-8d6e3e5cf7c5;64d99e49-63ec-43ba-81db-8f82f6190a93;e1ce01e3-3ad8-4ae8-b38b-91ad0bc88d58;within;0.0;1.0;000;0A;0107
94016_3162_00009;94016_3162;9;;Villa de l’Esperance;94230;94016;Cachan;;;650479.42;6855744.54;2.325817;48.799877;entrée;;;CACHAN;VILLA DE L ESPERANCE;inconnue;inconnue;0;940160000A0105;ee42ff57-1f94-4a96-bda5-e30073654dcf;64d99e49-63ec-43ba-81db-8f82f6190a93;e1ce01e3-3ad8-4ae8-b38b-91ad0bc88d58;within;0.0;1.0;000;0A;0105
94016_3162_00010;94016_3162;10;;Villa de l’Esperance;94230;94016;Cachan;;;650483.08;6855743.28;2.325867;48.799866;entrée;;;CACHAN;VILLA DE L ESPERANCE;inconnue;inconnue;0;940160000A0106;08f03829-857e-49c8-8130-64e8d689a7ea;64d99e49-63ec-43ba-81db-8f82f6190a93;e1ce01e3-3ad8-4ae8-b38b-91ad0bc88d58;within;0.0;1.0;000;0A;0106
94016_0631_00001;94016_0631;1;;Avenue Beauséjour;94230;94016;Cachan;;;651219.79;6854304.1;2.336061;48.786979;entrée;;;CACHAN;AVENUE BEAUSEJOUR;inconnue;inconnue;0;94016000AG0171;d2359674-1a01-465f-b5f8-0417562f7777;6ccc4227-61a3-4de5-8b4a-7d40b4a45ed2;e1ce01e3-3ad8-4ae8-b38b-91ad0bc88d58;nearest;0.22;0.9;000;AG;0171
94016_0631_00003;94016_0631;3;;Avenue Beauséjour;94230;94016;Cachan;;;651216.47;6854293.34;2.336017;48.786882;entrée;;;CACHAN;AVENUE BEAUSEJOUR;inconnue;inconnue;0;94016000AG0218;e48b2957-cc68-40f8-b74c-0e82b68bec84;6ccc4227-61a3-4de5-8b4a-7d40b4a45ed2;e1ce01e3-3ad8-4ae8-b38b-91ad0bc88d58;nearest;0.31;0.9;000;AG;0218
94016_0631_00004;94016_0631;4;;Avenue Beauséjour;94230;94016;Cachan;;;651207.5;6854292.86;2.335895;48.786877;entrée;;;CACHAN;AVENUE BEAUSEJOUR;inconnue;inconnue;0;94016000AF0082;6917a270-375e-4060-8355-4792b5ef5fa5;6ccc4227-61a3-4de5-8b4a-7d40b4a45ed2;e1ce01e3-3ad8-4ae8-b38b-91ad0bc88d58;nearest;2.05;0.9;000;AF;0082
94016_0631_00005;94016_0631;5;;Avenue Beauséjour;94230;94016;Cachan;;;651213.6;6854283.69;2.335979;48.786795;entrée;;;CACHAN;AVENUE BEAUSEJOUR;inconnue;inconnue;0;94016000AG0214;cc617872-f419-4664-b20d-9d6bd675bf6d;6ccc4227-61a3-4de5-8b4a-7d40b4a45ed2;e1ce01e3-3ad8-4ae8-b38b-91ad0bc88d58;nearest;0.24;0.9;000;AG;0214
94016_0631_00006;94016_0631;6;;Avenue Beauséjour;94230;94016;Cachan;;;651204.32;6854280.99;2.335853;48.78677;entrée;;;CACHAN;AVENUE BEAUSEJOUR;inconnue;inconnue;0;94016000AF0083;f12c6870-65d2-4be4-9359-c7f050148ce0;6ccc4227-61a3-4de5-8b4a-7d40b4a45ed2;e1ce01e3-3ad8-4ae8-b38b-91ad0bc88d58;nearest;2.58;0.9;000;AF;0083
94016_0631_00007;94016_0631;7;;Avenue Beauséjour;94230;94016;Cachan;;;651207.4;6854263.18;2.335897;48.78661;entrée;;;CACHAN;AVENUE BEAUSEJOUR;inconnue;inconnue;0;94016000AG0061;2965a983-1b23-4547-ad07-5e05ba434022;6ccc4227-61a3-4de5-8b4a-7d40b4a45ed2;e1ce01e3-3ad8-4ae8-b38b-91ad0bc88d58;nearest;0.21;0.9;000;AG;0061
94016_0631_00008;94016_0631;8;;Avenue Beauséjour;94230;94016;Cachan;;;651200.32;6854268.68;2.3358;48.786659;entrée;;;CACHAN;AVENUE BEAUSEJOUR;inconnue;inconnue;0;94016000AF0156;e551786a-6256-44ca-9661-b99ef77416c4;6ccc4227-61a3-4de5-8b4a-7d40b4a45ed2;e1ce01e3-3ad8-4ae8-b38b-91ad0bc88d58;nearest;2.16;0.9;000;AF;0156
94016_0631_00009;94016_0631;9;;Avenue Beauséjour;94230;94016;Cachan;;;651203.17;6854249.2;2.335841;48.786484;entrée;;;CACHAN;AVENUE BEAUSEJOUR;inconnue;inconnue;0;94016000AG0060;e43e3692-6057-4959-80f1-4f7c602808e7;6ccc4227-61a3-4de5-8b4a-7d40b4a45ed2;e1ce01e3-3ad8-4ae8-b38b-91ad0bc88d58;nearest;0.21;0.9;000;AG;0060
94016_0631_00010;94016_0631;10;;Avenue Beauséjour;94230;94016;Cachan;;;651194.26;6854247.5;2.33572;48.786468;entrée;;;CACHAN;AVENUE BEAUSEJOUR;inconnue;inconnue;0;94016000AF0086;84db7cbf-4889-4683-a54f-a165416ca1af;6ccc4227-61a3-4de5-8b4a-7d40b4a45ed2;e1ce01e3-3ad8-4ae8-b38b-91ad0bc88d58;nearest;2.65;0.9;000;AF;0086
94016_0631_00011;94016_0631;11;;Avenue Beauséjour;94230;94016;Cachan;;;651198.64;6854234.45;2.335781;48.786351;entrée;;;CACHAN;AVENUE BEAUSEJOUR;inconnue;inconnue;0;94016000AG0157;18534328-0736-4926-9385-bb287b36d928;6ccc4227-61a3-4de5-8b4a-7d40b4a45ed2;e1ce01e3-3ad8-4ae8-b38b-91ad0bc88d58;nearest;0.32;0.9;000;AG;0157
94016_0631_00012;94016_0631;12;;Avenue Beauséjour;94230;94016;Cachan;;;651194.61;6854254.05;2.335724;48.786527;entrée;;;CACHAN;AVENUE BEAUSEJOUR;inconnue;inconnue;0;94016000AF0086;b4045b55-c9de-4942-b5b3-6d05eeadde01;6ccc4227-61a3-4de5-8b4a-7d40b4a45ed2;e1ce01e3-3ad8-4ae8-b38b-91ad0bc88d58;nearest;0.38;0.9;000;AF;0086
94016_0631_00013;94016_0631;13;;Avenue Beauséjour;94230;94016;Cachan;;;651197.43;6854231.35;2.335765;48.786323;entrée;;;CACHAN;AVENUE BEAUSEJOUR;inconnue;inconnue;0;94016000AG0157;925dd33c-0a6f-497c-bd76-5562e51ea660;6ccc4227-61a3-4de5-8b4a-7d40b4a45ed2;e1ce01e3-3ad8-4ae8-b38b-91ad0bc88d58;nearest;0.7;0.9;000;AG;0157
94016_0631_00014;94016_0631;14;;Avenue Beauséjour;94230;94016;Cachan;;;651189.82;6854234.53;2.335661;48.786351;entrée;;;CACHAN;AVENUE BEAUSEJOUR;inconnue;inconnue;0;94016000AF0088;61d99f33-382c-4e85-8946-fa0199fe4ce3;6ccc4227-61a3-4de5-8b4a-7d40b4a45ed2;e1ce01e3-3ad8-4ae8-b38b-91ad0bc88d58;nearest;1.93;0.9;000;AF;0088
94016_0631_00015;94016_0631;15;;Avenue Beauséjour;94230;94016;Cachan;;;651194.7;6854221.25;2.335729;48.786232;entrée;;;CACHAN;AVENUE BEAUSEJOUR;inconnue;inconnue;0;94016000AG0058;866a6a20-f902-4d70-b061-f720e7d18988;6ccc4227-61a3-4de5-8b4a-7d40b4a45ed2;e1ce01e3-3ad8-4ae8-b38b-91ad0bc88d58;nearest;0.28;0.9;000;AG;0058
94016_0631_00016;94016_0631;16;;Avenue Beauséjour;94230;94016;Cachan;;;651186.72;6854224.77;2.33562;48.786263;entrée;;;CACHAN;AVENUE BEAUSEJOUR;inconnue;inconnue;0;94016000AF0089;9f29b303-964b-4bde-a311-72e65c316757;6ccc4227-61a3-4de5-8b4a-7d40b4a45ed2;e1ce01e3-3ad8-4ae8-b38b-91ad0bc88d58;nearest;1.81;0.9;000;AF;0089
94016_0631_00017;94016_0631;17;;Avenue Beauséjour;94230;94016;Cachan;;;651190.02;6854205.61;2.335667;48.786091;entrée;;;CACHAN;AVENUE BEAUSEJOUR;inconnue;inconnue;0;94016000AG0033;67ba184b-1478-49d4-b71a-0a9f5077f6aa;6ccc4227-61a3-4de5-8b4a-7d40b4a45ed2;e1ce01e3-3ad8-4ae8-b38b-91ad0bc88d58;nearest;0.17;0.9;000;AG;0033
94016_0631_00018;94016_0631;18;;Avenue Beauséjour;94230;94016;Cachan;;;651184.08;6854216.56;2.335585;48.786189;entrée;;;CACHAN;AVENUE BEAUSEJOUR;inconnue;inconnue;0;94016000AF0090;28a2f53f-a131-4a46-b789-820d01b77bba;6ccc4227-61a3-4de5-8b4a-7d40b4a45ed2;e1ce01e3-3ad8-4ae8-b38b-91ad0bc88d58;nearest;1.65;0.9;000;AF;0090
94016_0631_00019;94016_0631;19;;Avenue Beauséjour;94230;94016;Cachan;;;651187.22;6854196.3;2.33563;48.786007;entrée;;;CACHAN;AVENUE BEAUSEJOUR;inconnue;inconnue;0;94016000AG0032;98303d7f-161c-4c53-bba9-7a7397e4c474;6ccc4227-61a3-4de5-8b4a-7d40b4a45ed2;e1ce01e3-3ad8-4ae8-b38b-91ad0bc88d58;nearest;0.15;0.9;000;AG;0032
94016_0631_00020;94016_0631;20;;Avenue Beauséjour;94230;94016;Cachan;;;651181.81;6854208.02;2.335555;48.786112;entrée;;;CACHAN;AVENUE BEAUSEJOUR;inconnue;inconnue;0;94016000AF0091;53663dff-dd1e-4cef-925a-66927f9a5110;6ccc4227-61a3-4de5-8b4a-7d40b4a45ed2;e1ce01e3-3ad8-4ae8-b38b-91ad0bc88d58;nearest;2.01;0.9;000;AF;0091
94016_0631_00021;94016_0631;21;;Avenue Beauséjour;94230;94016;Cachan;;;651184.2;6854186.43;2.33559;48.785918;entrée;;;CACHAN;AVENUE BEAUSEJOUR;inconnue;inconnue;0;94016000AG0225;3d44728e-0861-4da9-8bb1-c15edfb75cf4;6ccc4227-61a3-4de5-8b4a-7d40b4a45ed2;e1ce01e3-3ad8-4ae8-b38b-91ad0bc88d58;nearest;0.22;0.9;000;AG;0225
94016_0631_00022;94016_0631;22;;Avenue Beauséjour;94230;94016;Cachan;;;651178.42;6854197.82;2.33551;48.78602;entrée;;;CACHAN;AVENUE BEAUSEJOUR;inconnue;inconnue;0;94016000AF0112;8107e30c-8aef-4eea-8685-2fca1540789e;6ccc4227-61a3-4de5-8b4a-7d40b4a45ed2;e1ce01e3-3ad8-4ae8-b38b-91ad0bc88d58;nearest;1.58;0.9;000;AF;0112
94016_0631_00023;94016_0631;23;;Avenue Beauséjour;94230;94016;Cachan;;;651180.72;6854174.89;2.335544;48.785814;entrée;;;CACHAN;AVENUE BEAUSEJOUR;inconnue;inconnue;0;94016000AG0236;f8702d97-1a57-44d5-bd7d-0194d6fdaaa9;6ccc4227-61a3-4de5-8b4a-7d40b4a45ed2;e1ce01e3-3ad8-4ae8-b38b-91ad0bc88d58;nearest;0.23;0.9;000;AG;0236
94016_0631_00024;94016_0631;24;;Avenue Beauséjour;94230;94016;Cachan;;;651173.12;6854180.07;2.33544;48.78586;entrée;;;CACHAN;AVENUE BEAUSEJOUR;inconnue;inconnue;0;94016000AF0092;feac696d-3e03-4137-ae50-822a254586ca;6ccc4227-61a3-4de5-8b4a-7d40b4a45ed2;e1ce01e3-3ad8-4ae8-b38b-91ad0bc88d58;nearest;1.72;0.9;000;AF;0092
94016_0631_00025;94016_0631;25;;Avenue Beauséjour;94230;94016;Cachan;;;651176.03;6854159.25;2.335482;48.785673;entrée;;;CACHAN;AVENUE BEAUSEJOUR;inconnue;inconnue;0;94016000AG0235;6235d074-85cc-4156-9f1f-9b86712215e8;6ccc4227-61a3-4de5-8b4a-7d40b4a45ed2;e1ce01e3-3ad8-4ae8-b38b-91ad0bc88d58;nearest;0.19;0.9;000;AG;0235
94016_0631_00026;94016_0631;26;;Avenue Beauséjour;94230;94016;Cachan;;;651170.63;6854171.75;2.335407;48.785785;entrée;;;CACHAN;AVENUE BEAUSEJOUR;inconnue;inconnue;0;94016000AF0093;5005f8f1-6c0d-4c72-b811-f1d748fa290e;6ccc4227-61a3-4de5-8b4a-7d40b4a45ed2;e1ce01e3-3ad8-4ae8-b38b-91ad0bc88d58;nearest;1.76;0.9;000;AF;0093
94016_0631_00027;94016_0631;27;;Avenue Beauséjour;94230;94016;Cachan;;;651172.87;6854149.49;2.33544;48.785585;entrée;;;CACHAN;AVENUE BEAUSEJOUR;inconnue;inconnue;0;94016000AG0028;b9586e94-49a4-4b62-b6f0-d5f0f19a42ac;6ccc4227-61a3-4de5-8b4a-7d40b4a45ed2;e1ce01e3-3ad8-4ae8-b38b-91ad0bc88d58;nearest;0.52;0.9;000;AG;0028
94016_0631_00028;94016_0631;28;;Avenue Beauséjour;94230;94016;Cachan;;;651170.31;6854169.42;2.335403;48.785764;segment;;;CACHAN;AVENUE BEAUSEJOUR;inconnue;inconnue;0;94016000AF0093;212a6fdf-e113-4f5a-bd4e-9686c53b1645;6ccc4227-61a3-4de5-8b4a-7d40b4a45ed2;e1ce01e3-3ad8-4ae8-b38b-91ad0bc88d58;nearest;2.31;0.9;000;AF;0093
94016_0631_00032;94016_0631;32;;Avenue Beauséjour;94230;94016;Cachan;;;651162.01;6854143.03;2.335293;48.785526;entrée;;;CACHAN;AVENUE BEAUSEJOUR;inconnue;inconnue;0;94016000AF0097;c6aef1c7-4315-4d56-972f-4f9f7c6e694c;6ccc4227-61a3-4de5-8b4a-7d40b4a45ed2;e1ce01e3-3ad8-4ae8-b38b-91ad0bc88d58;nearest;1.84;0.9;000;AF;0097
94016_0631_00034;94016_0631;34;;Avenue Beauséjour;94230;94016;Cachan;;;651159.73;6854134.48;2.335263;48.785449;entrée;;;CACHAN;AVENUE BEAUSEJOUR;inconnue;inconnue;0;94016000AF0098;93b47345-b4ac-4b84-9d93-2f969b5f682d;6ccc4227-61a3-4de5-8b4a-7d40b4a45ed2;e1ce01e3-3ad8-4ae8-b38b-91ad0bc88d58;nearest;2.36;0.9;000;AF;0098
94016_0631_00036;94016_0631;36;;Avenue Beauséjour;94230;94016;Cachan;;;651156.79;6854125.5;2.335224;48.785368;entrée;;;CACHAN;AVENUE BEAUSEJOUR;inconnue;inconnue;0;94016000AF0099;a4875e85-1605-4fbf-abb8-c8a6487ae508;6ccc4227-61a3-4de5-8b4a-7d40b4a45ed2;e1ce01e3-3ad8-4ae8-b38b-91ad0bc88d58;nearest;2.21;0.9;000;AF;0099
94016_0631_00038;94016_0631;38;;Avenue Beauséjour;94230;94016;Cachan;;;651153.17;6854114.52;2.335176;48.785269;entrée;;;CACHAN;AVENUE BEAUSEJOUR;inconnue;inconnue;0;94016000AF0100;1fdf7073-9148-48b8-ad1f-ef0c788ac449;6ccc4227-61a3-4de5-8b4a-7d40b4a45ed2;e1ce01e3-3ad8-4ae8-b38b-91ad0bc88d58;nearest;1.87;0.9;000;AF;0100
94016_0631_00039;94016_0631;39;;Avenue Beauséjour;94230;94016;Cachan;;;651169;6854135.85;2.335389;48.785462;entrée;;;CACHAN;AVENUE BEAUSEJOUR;inconnue;inconnue;0;94016000AG0164;a3379fa7-8bf0-4d95-bcff-2887cfc67070;6ccc4227-61a3-4de5-8b4a-7d40b4a45ed2;e1ce01e3-3ad8-4ae8-b38b-91ad0bc88d58;nearest;0.18;0.9;000;AG;0164
94016_0631_00040;94016_0631;40;;Avenue Beauséjour;94230;94016;Cachan;;;651149.46;6854101.66;2.335127;48.785153;entrée;;;CACHAN;AVENUE BEAUSEJOUR;inconnue;inconnue;0;94016000AF0101;4c48ebd7-3b09-453f-b753-c09fe399ced7;6ccc4227-61a3-4de5-8b4a-7d40b4a45ed2;e1ce01e3-3ad8-4ae8-b38b-91ad0bc88d58;nearest;2.18;0.9;000;AF;0101
94016_0631_00041;94016_0631;41;;Avenue Beauséjour;94230;94016;Cachan;;;651164.7;6854121.65;2.335332;48.785334;entrée;;;CACHAN;AVENUE BEAUSEJOUR;inconnue;inconnue;0;94016000AG0026;72d0fb21-991a-47ce-a0da-b3cb80da1bef;6ccc4227-61a3-4de5-8b4a-7d40b4a45ed2;e1ce01e3-3ad8-4ae8-b38b-91ad0bc88d58;nearest;0.22;0.9;000;AG;0026
94016_0631_00042;94016_0631;42;;Avenue Beauséjour;94230;94016;Cachan;;;651146.37;6854092.01;2.335086;48.785066;entrée;;;CACHAN;AVENUE BEAUSEJOUR;inconnue;inconnue;0;94016000AF0102;76e15569-e7c7-4280-92c1-a468cf017379;6ccc4227-61a3-4de5-8b4a-7d40b4a45ed2;e1ce01e3-3ad8-4ae8-b38b-91ad0bc88d58;nearest;2.04;0.9;000;AF;0102
94016_0631_00043;94016_0631;43;;Avenue Beauséjour;94230;94016;Cachan;;;651161.52;6854110.9;2.33529;48.785237;entrée;;;CACHAN;AVENUE BEAUSEJOUR;inconnue;inconnue;0;94016000AG0025;bc3621f0-d866-4861-8ec7-d0a497692cf7;6ccc4227-61a3-4de5-8b4a-7d40b4a45ed2;e1ce01e3-3ad8-4ae8-b38b-91ad0bc88d58;nearest;0.13;0.9;000;AG;0025
94016_0631_00044;94016_0631;44;;Avenue Beauséjour;94230;94016;Cachan;;;651142.38;6854079.92;2.335033;48.784957;entrée;;;CACHAN;AVENUE BEAUSEJOUR;inconnue;inconnue;0;94016000AF0103;e72d9af6-cbea-4e1b-898b-520791ba8b98;6ccc4227-61a3-4de5-8b4a-7d40b4a45ed2;e1ce01e3-3ad8-4ae8-b38b-91ad0bc88d58;nearest;1.71;0.9;000;AF;0103
94016_0631_00045;94016_0631;45;;Avenue Beauséjour;94230;94016;Cachan;;;651158.42;6854100.58;2.335249;48.785144;entrée;;;CACHAN;AVENUE BEAUSEJOUR;inconnue;inconnue;0;94016000AG0024;65a26df3-c75e-4352-92ad-ab436129ab12;6ccc4227-61a3-4de5-8b4a-7d40b4a45ed2;e1ce01e3-3ad8-4ae8-b38b-91ad0bc88d58;nearest;0.13;0.9;000;AG;0024
94016_0631_00047;94016_0631;47;;Avenue Beauséjour;94230;94016;Cachan;;;651155.63;6854091.6;2.335212;48.785063;entrée;;;CACHAN;AVENUE BEAUSEJOUR;inconnue;inconnue;0;94016000AG0018;2e21a98c-9870-4229-8f35-0e82ef9f04c4;6ccc4227-61a3-4de5-8b4a-7d40b4a45ed2;e1ce01e3-3ad8-4ae8-b38b-91ad0bc88d58;nearest;0.24;0.9;000;AG;0018
94016_0631_00049;94016_0631;49;;Avenue Beauséjour;94230;94016;Cachan;;;651152.68;6854081.95;2.335173;48.784976;entrée;;;CACHAN;AVENUE BEAUSEJOUR;inconnue;inconnue;0;94016000AG0017;34764981-2cdc-4a11-8711-3a0b09ebe836;6ccc4227-61a3-4de5-8b4a-7d40b4a45ed2;e1ce01e3-3ad8-4ae8-b38b-91ad0bc88d58;nearest;0.22;0.9;000;AG;0017
94016_0631_00051;94016_0631;51;;Avenue Beauséjour;94230;94016;Cachan;;;651149.51;6854072.3;2.335131;48.784889;entrée;;;CACHAN;AVENUE BEAUSEJOUR;inconnue;inconnue;0;94016000AG0016;d2590605-adc9-47f6-bc84-21ead40080e2;6ccc4227-61a3-4de5-8b4a-7d40b4a45ed2;e1ce01e3-3ad8-4ae8-b38b-91ad0bc88d58;nearest;0.21;0.9;000;AG;0016
94016_0631_00053;94016_0631;53;;Avenue Beauséjour;94230;94016;Cachan;;;651146.58;6854064.65;2.335092;48.78482;entrée;;;CACHAN;AVENUE BEAUSEJOUR;inconnue;inconnue;0;94016000AG0169;386fea0d-26ce-431c-9a8f-da434f05b985;6ccc4227-61a3-4de5-8b4a-7d40b4a45ed2;e1ce01e3-3ad8-4ae8-b38b-91ad0bc88d58;nearest;0.6;0.9;000;AG;0169
94016_0631_00054;94016_0631;54;;Avenue Beauséjour;94230;94016;Cachan;;;651138.53;6854068.39;2.334982;48.784853;entrée;;;CACHAN;AVENUE BEAUSEJOUR;inconnue;inconnue;0;94016000AF0104;cfbbc6cb-0b36-4714-bc2d-9cef4cfc2abb;6ccc4227-61a3-4de5-8b4a-7d40b4a45ed2;e1ce01e3-3ad8-4ae8-b38b-91ad0bc88d58;nearest;1.62;0.9;000;AF;0104
94016_0631_00055;94016_0631;55;;Avenue Beauséjour;94230;94016;Cachan;;;651139.42;6854043.25;2.334997;48.784627;entrée;;;CACHAN;AVENUE BEAUSEJOUR;inconnue;inconnue;0;94016000AG0005;5a7a2502-f392-4821-b460-ffda11305c90;6ccc4227-61a3-4de5-8b4a-7d40b4a45ed2;e1ce01e3-3ad8-4ae8-b38b-91ad0bc88d58;nearest;0.15;0.9;000;AG;0005
94016_0631_00056;94016_0631;56;;Avenue Beauséjour;94230;94016;Cachan;;;651136.28;6854062.41;2.334952;48.784799;entrée;;;CACHAN;AVENUE BEAUSEJOUR;inconnue;inconnue;0;94016000AF0115;5afc2952-fd6a-4eb7-9f84-9e54cee5dfcb;6ccc4227-61a3-4de5-8b4a-7d40b4a45ed2;e1ce01e3-3ad8-4ae8-b38b-91ad0bc88d58;nearest;1.39;0.9;000;AF;0115
94016_0631_00057;94016_0631;57;;Avenue Beauséjour;94230;94016;Cachan;;;651135.28;6854031.73;2.334942;48.784523;entrée;;;CACHAN;AVENUE BEAUSEJOUR;inconnue;inconnue;0;94016000AG0004;4303b2f2-011b-4a58-a832-a5959b436491;6ccc4227-61a3-4de5-8b4a-7d40b4a45ed2;e1ce01e3-3ad8-4ae8-b38b-91ad0bc88d58;nearest;0.29;0.9;000;AG;0004
94016_0631_00058;94016_0631;58;;Avenue Beauséjour;94230;94016;Cachan;;;651132.13;6854049.76;2.334897;48.784685;entrée;;;CACHAN;AVENUE BEAUSEJOUR;inconnue;inconnue;0;94016000AF0116;59366611-8490-4b09-ade4-5244efc4ef43;6ccc4227-61a3-4de5-8b4a-7d40b4a45ed2;e1ce01e3-3ad8-4ae8-b38b-91ad0bc88d58;nearest;1.74;0.9;000;AF;0116
94016_0631_00059;94016_0631;59;;Avenue Beauséjour;94230;94016;Cachan;;;651131.37;6854020.53;2.33489;48.784422;entrée;;;CACHAN;AVENUE BEAUSEJOUR;inconnue;inconnue;0;94016000AG0003;a961cafd-0f2e-46f0-9438-80f6ecf1f7be;6ccc4227-61a3-4de5-8b4a-7d40b4a45ed2;e1ce01e3-3ad8-4ae8-b38b-91ad0bc88d58;nearest;0.27;0.9;000;AG;0003
94016_0631_00060;94016_0631;60;;Avenue Beauséjour;94230;94016;Cachan;;;651128.81;6854039.79;2.334853;48.784595;entrée;;;CACHAN;AVENUE BEAUSEJOUR;inconnue;inconnue;0;94016000AF0105;05ff2af8-9a8e-4f54-b4b9-781f3e21103a;6ccc4227-61a3-4de5-8b4a-7d40b4a45ed2;e1ce01e3-3ad8-4ae8-b38b-91ad0bc88d58;nearest;1.96;0.9;000;AF;0105
94016_0631_00061;94016_0631;61;;Avenue Beauséjour;94230;94016;Cachan;;;651127.68;6854010;2.334841;48.784327;entrée;;;CACHAN;AVENUE BEAUSEJOUR;inconnue;inconnue;0;94016000AG0002;a32c0899-af3e-4e80-b278-b632aa97a901;6ccc4227-61a3-4de5-8b4a-7d40b4a45ed2;e1ce01e3-3ad8-4ae8-b38b-91ad0bc88d58;nearest;0.27;0.9;000;AG;0002
94016_0631_00062;94016_0631;62;;Avenue Beauséjour;94230;94016;Cachan;;;651125.5;6854030.58;2.334809;48.784512;entrée;;;CACHAN;AVENUE BEAUSEJOUR;inconnue;inconnue;0;94016000AF0106;25d7ec02-302d-4065-92ac-59ce1a14228d;6ccc4227-61a3-4de5-8b4a-7d40b4a45ed2;e1ce01e3-3ad8-4ae8-b38b-91ad0bc88d58;nearest;1.82;0.9;000;AF;0106
94016_0631_00063;94016_0631;63;;Avenue Beauséjour;94230;94016;Cachan;;;651123.84;6853998.8;2.33479;48.784226;entrée;;;CACHAN;AVENUE BEAUSEJOUR;inconnue;inconnue;0;94016000AG0001;307442f3-4e7b-460a-8f21-96ca8bd38e9e;6ccc4227-61a3-4de5-8b4a-7d40b4a45ed2;e1ce01e3-3ad8-4ae8-b38b-91ad0bc88d58;nearest;0.14;0.9;000;AG;0001
94016_0631_00064;94016_0631;64;;Avenue Beauséjour;94230;94016;Cachan;;;651120.61;6854016.95;2.334744;48.784389;entrée;;;CACHAN;AVENUE BEAUSEJOUR;inconnue;inconnue;0;94016000AF0107;cf351adb-61b0-4ba7-9c43-d62b07c078a0;6ccc4227-61a3-4de5-8b4a-7d40b4a45ed2;e1ce01e3-3ad8-4ae8-b38b-91ad0bc88d58;nearest;1.64;0.9;000;AF;0107
94016_0631_00068;94016_0631;68;;Avenue Beauséjour;94230;94016;Cachan;;;651115.18;6854000.54;2.334672;48.784241;entrée;;;CACHAN;AVENUE BEAUSEJOUR;inconnue;inconnue;0;94016000AF0108;58cbaec6-0e63-4c47-9b1f-d08d468566bf;6ccc4227-61a3-4de5-8b4a-7d40b4a45ed2;e1ce01e3-3ad8-4ae8-b38b-91ad0bc88d58;nearest;1.81;0.9;000;AF;0108
94016_0631_00053_bis;94016_0631;53;bis;Avenue Beauséjour;94230;94016;Cachan;;;651142.82;6854053.68;2.335042;48.784721;entrée;;;CACHAN;AVENUE BEAUSEJOUR;inconnue;inconnue;0;94016000AG0169;4fd77bae-5825-4865-bd99-ef60ae793626;6ccc4227-61a3-4de5-8b4a-7d40b4a45ed2;e1ce01e3-3ad8-4ae8-b38b-91ad0bc88d58;nearest;0.5;0.9;000;AG;0169
94016_0631_00005_bis;94016_0631;5;bis;Avenue Beauséjour;94230;94016;Cachan;;;651209.83;6854272.94;2.335929;48.786698;entrée;;;CACHAN;AVENUE BEAUSEJOUR;inconnue;inconnue;0;94016000AG0125;a311c161-c2f7-4e8c-9f24-af58d4b40777;6ccc4227-61a3-4de5-8b4a-7d40b4a45ed2;e1ce01e3-3ad8-4ae8-b38b-91ad0bc88d58;nearest;0.95;0.9;000;AG;0125
94016_0631_00022_bis;94016_0631;22;bis;Avenue Beauséjour;94230;94016;Cachan;;;651175.69;6854188.05;2.335474;48.785932;entrée;;;CACHAN;AVENUE BEAUSEJOUR;inconnue;inconnue;0;94016000AF0114;70ad51e8-3a9c-4000-a67e-2f26d5db7682;6ccc4227-61a3-4de5-8b4a-7d40b4a45ed2;e1ce01e3-3ad8-4ae8-b38b-91ad0bc88d58;nearest;1.92;0.9;000;AF;0114
94016_0631_00008_bis;94016_0631;8;bis;Avenue Beauséjour;94230;94016;Cachan;;;651196.7;6854257.6;2.335752;48.786559;entrée;;;CACHAN;AVENUE BEAUSEJOUR;inconnue;inconnue;0;94016000AF0085;d84b73a2-04cd-41d6-b910-f398ffb552c4;6ccc4227-61a3-4de5-8b4a-7d40b4a45ed2;e1ce01e3-3ad8-4ae8-b38b-91ad0bc88d58;nearest;1.79;0.9;000;AF;0085
94016_8512_00001;94016_8512;1;;Villa des Sablons;94230;94016;Cachan;;;651562.09;6854574.65;2.340689;48.789438;entrée;;;CACHAN;VILLA DES SABLONS;inconnue;inconnue;0;94016000AD0153;2cb51d38-3869-4873-adb3-5a8beff71e68;aa35c2ba-a3ee-485e-b366-36d9ec3fe878;e1ce01e3-3ad8-4ae8-b38b-91ad0bc88d58;within;0.0;1.0;000;AD;0153
94016_8512_00002;94016_8512;2;;Villa des Sablons;94230;94016;Cachan;;;651560.68;6854564.33;2.340671;48.789345;entrée;;;CACHAN;VILLA DES SABLONS;inconnue;inconnue;0;94016000AD0347;50982047-d344-42bd-9094-0c53b80f4e20;aa35c2ba-a3ee-485e-b366-36d9ec3fe878;e1ce01e3-3ad8-4ae8-b38b-91ad0bc88d58;within;0.0;1.0;000;AD;0347
94016_8512_00003;94016_8512;3;;Villa des Sablons;94230;94016;Cachan;;;651574.4;6854570.66;2.340857;48.789403;entrée;;;CACHAN;VILLA DES SABLONS;inconnue;inconnue;0;94016000AD0152;149d8b3c-a89c-4c04-818d-72d5d06786fa;aa35c2ba-a3ee-485e-b366-36d9ec3fe878;e1ce01e3-3ad8-4ae8-b38b-91ad0bc88d58;within;0.0;1.0;000;AD;0152
94016_8512_00004;94016_8512;4;;Villa des Sablons;94230;94016;Cachan;;;651583.83;6854564.35;2.340986;48.789347;entrée;;;CACHAN;VILLA DES SABLONS;inconnue;inconnue;0;94016000AD0147;4a38d6af-464d-49f4-ab48-9bd1328abb84;aa35c2ba-a3ee-485e-b366-36d9ec3fe878;e1ce01e3-3ad8-4ae8-b38b-91ad0bc88d58;within;0.0;1.0;000;AD;0147
94016_8512_00005;94016_8512;5;;Villa des Sablons;94230;94016;Cachan;;;651595.88;6854564.25;2.34115;48.789347;entrée;;;CACHAN;VILLA DES SABLONS;inconnue;inconnue;0;94016000AD0151;d8eb53c6-db43-46c2-8e23-5a9e4cd34bb7;aa35c2ba-a3ee-485e-b366-36d9ec3fe878;e1ce01e3-3ad8-4ae8-b38b-91ad0bc88d58;within;0.0;1.0;000;AD;0151
94016_8512_00006;94016_8512;6;;Villa des Sablons;94230;94016;Cachan;;;651595.77;6854560.59;2.341149;48.789314;entrée;;;CACHAN;VILLA DES SABLONS;inconnue;inconnue;0;94016000AD0148;561560df-78b1-4cb8-9a86-15fee6078d27;aa35c2ba-a3ee-485e-b366-36d9ec3fe878;e1ce01e3-3ad8-4ae8-b38b-91ad0bc88d58;within;0.0;1.0;000;AD;0148
94016_8512_00007;94016_8512;7;;Villa des Sablons;94230;94016;Cachan;;;651611.42;6854560.46;2.341362;48.789314;entrée;;;CACHAN;VILLA DES SABLONS;inconnue;inconnue;0;94016000AD0150;30101851-bfcd-4110-83ea-dd0e52d1f407;aa35c2ba-a3ee-485e-b366-36d9ec3fe878;e1ce01e3-3ad8-4ae8-b38b-91ad0bc88d58;within;0.0;1.0;000;AD;0150
94016_8512_00008;94016_8512;8;;Villa des Sablons;94230;94016;Cachan;;;651611.22;6854553.79;2.34136;48.789254;entrée;;;CACHAN;VILLA DES SABLONS;inconnue;inconnue;0;94016000AD0366;80ff47e6-0765-4942-aeba-e182d26bbf12;aa35c2ba-a3ee-485e-b366-36d9ec3fe878;e1ce01e3-3ad8-4ae8-b38b-91ad0bc88d58;within;0.0;1.0;000;AD;0366
94016_3190_00002;94016_3190;2;;Allee Eugene Belgrand;94230;94016;Cachan;;;651173.33;6854378.99;2.33542;48.787649;entrée;;;CACHAN;ALLEE EUGENE BELGRAND;inconnue;inconnue;0;94016000AE0374;89b33b7a-7275-4a92-9e3f-13a59ff896f9;474e9942-2e85-48ba-9e2c-6dfd7e77f846;e1ce01e3-3ad8-4ae8-b38b-91ad0bc88d58;within;0.0;1.0;000;AE;0374
94016_3190_00004;94016_3190;4;;Allee Eugene Belgrand;94230;94016;Cachan;;;651167.48;6854391.83;2.335339;48.787764;entrée;;;CACHAN;ALLEE EUGENE BELGRAND;inconnue;inconnue;0;94016000AE0374;174759e3-c117-412f-beb3-8a9a784ce8b8;474e9942-2e85-48ba-9e2c-6dfd7e77f846;e1ce01e3-3ad8-4ae8-b38b-91ad0bc88d58;within;0.0;1.0;000;AE;0374
94016_3190_00006;94016_3190;6;;Allee Eugene Belgrand;94230;94016;Cachan;;;651194.21;6854416.18;2.3357;48.787985;entrée;;;CACHAN;ALLEE EUGENE BELGRAND;inconnue;inconnue;0;94016000AE0374;33a7a000-3bd5-44b7-911b-de73db52e88d;474e9942-2e85-48ba-9e2c-6dfd7e77f846;e1ce01e3-3ad8-4ae8-b38b-91ad0bc88d58;within;0.0;1.0;000;AE;0374
94016_3190_00008;94016_3190;8;;Allee Eugene Belgrand;94230;94016;Cachan;;;651199.71;6854431.81;2.335773;48.788126;entrée;;;CACHAN;ALLEE EUGENE BELGRAND;inconnue;inconnue;0;94016000AE0374;bbf05861-97e4-4f5c-9481-d5e10e063e45;474e9942-2e85-48ba-9e2c-6dfd7e77f846;e1ce01e3-3ad8-4ae8-b38b-91ad0bc88d58;within;0.0;1.0;000;AE;0374
94016_3190_00010;94016_3190;10;;Allee Eugene Belgrand;94230;94016;Cachan;;;651202.33;6854446.24;2.335807;48.788256;entrée;;;CACHAN;ALLEE EUGENE BELGRAND;inconnue;inconnue;0;94016000AE0374;d50ce808-1203-41b9-8136-585d0efc2bc2;474e9942-2e85-48ba-9e2c-6dfd7e77f846;e1ce01e3-3ad8-4ae8-b38b-91ad0bc88d58;within;0.0;1.0;000;AE;0374
94016_3190_00012;94016_3190;12;;Allee Eugene Belgrand;94230;94016;Cachan;;;651207.61;6854462.65;2.335877;48.788404;entrée;;;CACHAN;ALLEE EUGENE BELGRAND;inconnue;inconnue;0;94016000AE0374;13e14ade-5198-4691-aaf6-49e28b290e6f;474e9942-2e85-48ba-9e2c-6dfd7e77f846;e1ce01e3-3ad8-4ae8-b38b-91ad0bc88d58;within;0.0;1.0;000;AE;0374
94016_3190_00014;94016_3190;14;;Allee Eugene Belgrand;94230;94016;Cachan;;;651207.67;6854478.11;2.335876;48.788543;entrée;;;CACHAN;ALLEE EUGENE BELGRAND;inconnue;inconnue;0;94016000AE0374;0fb14bea-7b4a-4569-beb9-53d5c8c1a304;474e9942-2e85-48ba-9e2c-6dfd7e77f846;e1ce01e3-3ad8-4ae8-b38b-91ad0bc88d58;within;0.0;1.0;000;AE;0374
94016_3190_00016;94016_3190;16;;Allee Eugene Belgrand;94230;94016;Cachan;;;651254.88;6854509.4;2.336515;48.788828;entrée;;;CACHAN;ALLEE EUGENE BELGRAND;inconnue;inconnue;0;94016000AE0150;ab23d767-6eb2-4a7e-8a1b-28c1016f7559;474e9942-2e85-48ba-9e2c-6dfd7e77f846;e1ce01e3-3ad8-4ae8-b38b-91ad0bc88d58;within;0.0;1.0;000;AE;0150
94016_3190_00018;94016_3190;18;;Allee Eugene Belgrand;94230;94016;Cachan;;;651250.4;6854527.9;2.336452;48.788994;entrée;;;CACHAN;ALLEE EUGENE BELGRAND;inconnue;inconnue;0;94016000AE0150;787a9190-4ce6-48c2-83cf-c517d8d9706c;474e9942-2e85-48ba-9e2c-6dfd7e77f846;e1ce01e3-3ad8-4ae8-b38b-91ad0bc88d58;within;0.0;1.0;000;AE;0150
94016_3190_00020;94016_3190;20;;Allee Eugene Belgrand;94230;94016;Cachan;;;651236.6;6854546.58;2.336262;48.789161;entrée;;;CACHAN;ALLEE EUGENE BELGRAND;inconnue;inconnue;0;94016000AE0150;614a6bb4-7378-40a1-9ff5-6bdeff699e96;474e9942-2e85-48ba-9e2c-6dfd7e77f846;e1ce01e3-3ad8-4ae8-b38b-91ad0bc88d58;within;0.0;1.0;000;AE;0150
94016_3190_00022;94016_3190;22;;Allee Eugene Belgrand;94230;94016;Cachan;;;651250.32;6854561.48;2.336447;48.789296;entrée;;;CACHAN;ALLEE EUGENE BELGRAND;inconnue;inconnue;0;94016000AE0150;eb6d8804-ac29-4445-abdd-156bd6b20920;474e9942-2e85-48ba-9e2c-6dfd7e77f846;e1ce01e3-3ad8-4ae8-b38b-91ad0bc88d58;within;0.0;1.0;000;AE;0150
94016_3190_00024;94016_3190;24;;Allee Eugene Belgrand;94230;94016;Cachan;;;651219.6;6854551.51;2.33603;48.789204;entrée;;;CACHAN;ALLEE EUGENE BELGRAND;inconnue;inconnue;0;94016000AE0374;5984e769-b7e0-4295-bead-2dcafa4a7802;474e9942-2e85-48ba-9e2c-6dfd7e77f846;e1ce01e3-3ad8-4ae8-b38b-91ad0bc88d58;within;0.0;1.0;000;AE;0374
94016_3190_00026;94016_3190;26;;Allee Eugene Belgrand;94230;94016;Cachan;;;651208.07;6854535.15;2.335875;48.789056;entrée;;;CACHAN;ALLEE EUGENE BELGRAND;inconnue;inconnue;0;94016000AE0374;e8a8dcde-9a17-410a-aedc-73feaf33b039;474e9942-2e85-48ba-9e2c-6dfd7e77f846;e1ce01e3-3ad8-4ae8-b38b-91ad0bc88d58;within;0.0;1.0;000;AE;0374
94016_3190_00028;94016_3190;28;;Allee Eugene Belgrand;94230;94016;Cachan;;;651201.26;6854520.75;2.335784;48.788926;entrée;;;CACHAN;ALLEE EUGENE BELGRAND;inconnue;inconnue;0;94016000AE0374;25151749-7637-4edd-9f44-4fea9cf31ada;474e9942-2e85-48ba-9e2c-6dfd7e77f846;e1ce01e3-3ad8-4ae8-b38b-91ad0bc88d58;within;0.0;1.0;000;AE;0374
94016_3190_00030;94016_3190;30;;Allee Eugene Belgrand;94230;94016;Cachan;;;651194.61;6854506.79;2.335695;48.7888;entrée;;;CACHAN;ALLEE EUGENE BELGRAND;inconnue;inconnue;0;94016000AE0374;cdef4ba3-b93d-49d1-8d02-ebbc0532b175;474e9942-2e85-48ba-9e2c-6dfd7e77f846;e1ce01e3-3ad8-4ae8-b38b-91ad0bc88d58;within;0.0;1.0;000;AE;0374
94016_3190_00032;94016_3190;32;;Allee Eugene Belgrand;94230;94016;Cachan;;;651194.64;6854492.56;2.335697;48.788672;entrée;;;CACHAN;ALLEE EUGENE BELGRAND;inconnue;inconnue;0;94016000AE0374;05153276-809b-4d62-a106-7451c7f638ff;474e9942-2e85-48ba-9e2c-6dfd7e77f846;e1ce01e3-3ad8-4ae8-b38b-91ad0bc88d58;within;0.0;1.0;000;AE;0374
94016_3190_00036;94016_3190;36;;Allee Eugene Belgrand;94230;94016;Cachan;;;651158.89;6854496.2;2.33521;48.788702;entrée;;;CACHAN;ALLEE EUGENE BELGRAND;inconnue;inconnue;0;94016000AE0374;3f5c4c12-4fd8-436c-b70d-012bca7eae7e;474e9942-2e85-48ba-9e2c-6dfd7e77f846;e1ce01e3-3ad8-4ae8-b38b-91ad0bc88d58;within;0.0;1.0;000;AE;0374
94016_3190_00038;94016_3190;38;;Allee Eugene Belgrand;94230;94016;Cachan;;;651158.68;6854480.41;2.335209;48.78856;entrée;;;CACHAN;ALLEE EUGENE BELGRAND;inconnue;inconnue;0;94016000AE0374;b83225c2-3f2e-41b4-8d70-1f080471f1af;474e9942-2e85-48ba-9e2c-6dfd7e77f846;e1ce01e3-3ad8-4ae8-b38b-91ad0bc88d58;within;0.0;1.0;000;AE;0374
94016_3190_00040;94016_3190;40;;Allee Eugene Belgrand;94230;94016;Cachan;;;651158.92;6854465.29;2.335214;48.788424;entrée;;;CACHAN;ALLEE EUGENE BELGRAND;inconnue;inconnue;0;94016000AE0374;db7caaf0-240b-49cb-8f27-a9b14b087f79;474e9942-2e85-48ba-9e2c-6dfd7e77f846;e1ce01e3-3ad8-4ae8-b38b-91ad0bc88d58;within;0.0;1.0;000;AE;0374
94016_3190_00042;94016_3190;42;;Allee Eugene Belgrand;94230;94016;Cachan;;;651153.57;6854449.65;2.335143;48.788283;entrée;;;CACHAN;ALLEE EUGENE BELGRAND;inconnue;inconnue;0;94016000AE0374;a3004112-943d-4f88-b4b0-1cc0dc4b3e11;474e9942-2e85-48ba-9e2c-6dfd7e77f846;e1ce01e3-3ad8-4ae8-b38b-91ad0bc88d58;within;0.0;1.0;000;AE;0374
94016_3190_00044;94016_3190;44;;Allee Eugene Belgrand;94230;94016;Cachan;;;651138.9;6854418.09;2.334947;48.787998;entrée;;;CACHAN;ALLEE EUGENE BELGRAND;inconnue;inconnue;0;94016000AE0374;5eb09083-0f96-49b1-8a74-612fe86e48fd;474e9942-2e85-48ba-9e2c-6dfd7e77f846;e1ce01e3-3ad8-4ae8-b38b-91ad0bc88d58;within;0.0;1.0;000;AE;0374
94016_3190_00022_bis;94016_3190;22;bis;Allee Eugene Belgrand;94230;94016;Cachan;;;651227.51;6854574.9;2.336135;48.789415;entrée;;;CACHAN;ALLEE EUGENE BELGRAND;inconnue;inconnue;0;94016000AE0374;8ec39558-634b-45a7-91e4-60bbd053991c;474e9942-2e85-48ba-9e2c-6dfd7e77f846;e1ce01e3-3ad8-4ae8-b38b-91ad0bc88d58;within;0.0;1.0;000;AE;0374
94016_3520_00001;94016_3520;1;;Rue Félix Choplin;94230;94016;Cachan;;;651461.9;6855015.7;2.339275;48.793397;entrée;;;CACHAN;RUE FELIX CHOPLIN;inconnue;inconnue;0;940160000X0016;c5f15ddb-ceb2-4479-8f1a-60bdcbad8ceb;ffdf654a-0a1b-402d-8a51-252e252b22c3;e1ce01e3-3ad8-4ae8-b38b-91ad0bc88d58;nearest;1.69;0.9;000;0X;0016
94016_3520_00002;94016_3520;2;;Rue Félix Choplin;94230;94016;Cachan;;;651432.91;6855019.62;2.33888;48.79343;entrée;;;CACHAN;RUE FELIX CHOPLIN;inconnue;inconnue;0;940160000X0018;d87abfe2-7e0d-4333-9643-925571c74692;ffdf654a-0a1b-402d-8a51-252e252b22c3;e1ce01e3-3ad8-4ae8-b38b-91ad0bc88d58;nearest;0.05;0.9;000;0X;0018
94016_3520_00003;94016_3520;3;;Rue Félix Choplin;94230;94016;Cachan;;;651483.21;6855007.85;2.339566;48.793328;entrée;;;CACHAN;RUE FELIX CHOPLIN;inconnue;inconnue;0;940160000X0352;af92615f-910e-45f4-8683-9c2fb60653b7;ffdf654a-0a1b-402d-8a51-252e252b22c3;e1ce01e3-3ad8-4ae8-b38b-91ad0bc88d58;nearest;1.68;0.9;000;0X;0352
94016_3520_00004;94016_3520;4;;Rue Félix Choplin;94230;94016;Cachan;;;651475.39;6855004.36;2.33946;48.793296;entrée;;;CACHAN;RUE FELIX CHOPLIN;inconnue;inconnue;0;940160000X0021;0654310c-1eef-43a6-936c-94854d6c5a84;ffdf654a-0a1b-402d-8a51-252e252b22c3;e1ce01e3-3ad8-4ae8-b38b-91ad0bc88d58;nearest;0.43;0.9;000;0X;0021
94016_3520_00006;94016_3520;6;;Rue Félix Choplin;94230;94016;Cachan;;;651513.69;6854989.7;2.339983;48.793167;entrée;;;CACHAN;RUE FELIX CHOPLIN;inconnue;inconnue;0;940160000X0044;0b3c7f65-63a2-4410-9a48-e076b15c72e2;ffdf654a-0a1b-402d-8a51-252e252b22c3;e1ce01e3-3ad8-4ae8-b38b-91ad0bc88d58;within;0.0;1.0;000;0X;0044
94016_3520_00002_ter;94016_3520;2;ter;Rue Félix Choplin;94230;94016;Cachan;;;651440.53;6855017.33;2.338984;48.79341;entrée;;;CACHAN;RUE FELIX CHOPLIN;inconnue;inconnue;0;940160000X0019;4eb8bf11-1599-4706-bfb7-29f9d80fa240;ffdf654a-0a1b-402d-8a51-252e252b22c3;e1ce01e3-3ad8-4ae8-b38b-91ad0bc88d58;nearest;0.54;0.9;000;0X;0019
94016_3520_00002_bis;94016_3520;2;bis;Rue Félix Choplin;94230;94016;Cachan;;;651432.91;6855019.62;2.33888;48.79343;entrée;;;CACHAN;RUE FELIX CHOPLIN;inconnue;inconnue;0;940160000X0018;cde44309-74de-45ad-8930-76ccbd40df35;ffdf654a-0a1b-402d-8a51-252e252b22c3;e1ce01e3-3ad8-4ae8-b38b-91ad0bc88d58;nearest;0.05;0.9;000;0X;0018
94016_3520_00004_bis;94016_3520;4;bis;Rue Félix Choplin;94230;94016;Cachan;;;651495.39;6854997.08;2.339733;48.793232;entrée;;;CACHAN;RUE FELIX CHOPLIN;inconnue;inconnue;0;940160000X0023;6ccbe8b0-dfbd-4405-a453-9cbf8a41bf09;ffdf654a-0a1b-402d-8a51-252e252b22c3;e1ce01e3-3ad8-4ae8-b38b-91ad0bc88d58;nearest;0.54;0.9;000;0X;0023
94016_3533_00002;94016_3533;2;;Rue de Flandre;94230;94016;Cachan;;;650831.44;6854091.22;2.3308;48.785035;entrée;;;CACHAN;RUE DE FLANDRE;inconnue;inconnue;0;940160000N0074;f1cce5b3-a31f-4478-b469-59bb593880d7;763f864d-2447-468e-a7ec-10557ee1e987;e1ce01e3-3ad8-4ae8-b38b-91ad0bc88d58;within;0.0;1.0;000;0N;0074
94016_3533_00004;94016_3533;4;;Rue de Flandre;94230;94016;Cachan;;;650832.5;6854077.2;2.330816;48.784909;entrée;;;CACHAN;RUE DE FLANDRE;inconnue;inconnue;0;940160000N0074;a45eba10-4351-4fc3-bb86-589a60dd7997;763f864d-2447-468e-a7ec-10557ee1e987;e1ce01e3-3ad8-4ae8-b38b-91ad0bc88d58;within;0.0;1.0;000;0N;0074
94016_3533_00006;94016_3533;6;;Rue de Flandre;94230;94016;Cachan;;;650868.25;6854055.89;2.331305;48.78472;entrée;;;CACHAN;RUE DE FLANDRE;inconnue;inconnue;0;940160000N0074;adff7d9c-146d-4c81-a48a-e25ac4f7a3a0;763f864d-2447-468e-a7ec-10557ee1e987;e1ce01e3-3ad8-4ae8-b38b-91ad0bc88d58;within;0.0;1.0;000;0N;0074
94016_3533_00008;94016_3533;8;;Rue de Flandre;94230;94016;Cachan;;;650833.74;6854041.95;2.330837;48.784592;entrée;;;CACHAN;RUE DE FLANDRE;inconnue;inconnue;0;940160000N0074;4f484f73-d916-4b59-8c22-0f6bb0a9dab9;763f864d-2447-468e-a7ec-10557ee1e987;e1ce01e3-3ad8-4ae8-b38b-91ad0bc88d58;within;0.0;1.0;000;0N;0074
94016_0649_00001;94016_0649;1;;Avenue Benoit Guichon;94230;94016;Cachan;;;650472.09;6855530.78;2.325742;48.797954;entrée;;;CACHAN;AVENUE BENOIT GUICHON;inconnue;inconnue;0;940160000C0096;2e06c417-4027-46b2-9ba4-452c17eda37b;b419645d-45d8-47a3-aa6a-f74f7f8326a5;e1ce01e3-3ad8-4ae8-b38b-91ad0bc88d58;nearest;0.24;0.9;000;0C;0096
94016_0649_00002;94016_0649;2;;Avenue Benoit Guichon;94230;94016;Cachan;;;650480.22;6855536.93;2.325852;48.79801;entrée;;;CACHAN;AVENUE BENOIT GUICHON;inconnue;inconnue;0;940160000C0061;feddb9f3-6a7c-434c-be78-dd1b3d446d9a;b419645d-45d8-47a3-aa6a-f74f7f8326a5;e1ce01e3-3ad8-4ae8-b38b-91ad0bc88d58;nearest;0.97;0.9;000;0C;0061
94016_0649_00004;94016_0649;4;;Avenue Benoit Guichon;94230;94016;Cachan;;;650473.49;6855540.22;2.32576;48.798039;entrée;;;CACHAN;AVENUE BENOIT GUICHON;inconnue;inconnue;0;940160000C0062;6669a43f-dccf-4cbf-93d6-76351c420645;b419645d-45d8-47a3-aa6a-f74f7f8326a5;e1ce01e3-3ad8-4ae8-b38b-91ad0bc88d58;nearest;0.8;0.9;000;0C;0062
94016_0649_00005;94016_0649;5;;Avenue Benoit Guichon;94230;94016;Cachan;;;650457.01;6855537.69;2.325536;48.798015;entrée;;;CACHAN;AVENUE BENOIT GUICHON;inconnue;inconnue;0;940160000C0094;2cb20c37-6518-4f51-ac98-86a1c61fa1d1;b419645d-45d8-47a3-aa6a-f74f7f8326a5;e1ce01e3-3ad8-4ae8-b38b-91ad0bc88d58;nearest;0.29;0.9;000;0C;0094
94016_0649_00006;94016_0649;6;;Avenue Benoit Guichon;94230;94016;Cachan;;;650462.88;6855544.75;2.325615;48.798079;entrée;;;CACHAN;AVENUE BENOIT GUICHON;inconnue;inconnue;0;940160000C0063;94be475e-b026-4bfe-8cb0-9bad405e89f0;b419645d-45d8-47a3-aa6a-f74f7f8326a5;e1ce01e3-3ad8-4ae8-b38b-91ad0bc88d58;nearest;1.12;0.9;000;0C;0063
94016_0649_00007;94016_0649;7;;Avenue Benoit Guichon;94230;94016;Cachan;;;650448.97;6855541.65;2.325426;48.79805;entrée;;;CACHAN;AVENUE BENOIT GUICHON;inconnue;inconnue;0;940160000C0093;97c285d3-8669-4305-930f-004c7da74cf8;b419645d-45d8-47a3-aa6a-f74f7f8326a5;e1ce01e3-3ad8-4ae8-b38b-91ad0bc88d58;nearest;0.59;0.9;000;0C;0093
94016_0649_00008;94016_0649;8;;Avenue Benoit Guichon;94230;94016;Cachan;;;650454.83;6855548.6;2.325505;48.798113;entrée;;;CACHAN;AVENUE BENOIT GUICHON;inconnue;inconnue;0;940160000C0209;184605c8-26a4-4041-b7b4-a3210a65b0dc;b419645d-45d8-47a3-aa6a-f74f7f8326a5;e1ce01e3-3ad8-4ae8-b38b-91ad0bc88d58;nearest;0.95;0.9;000;0C;0209
94016_0649_00009;94016_0649;9;;Avenue Benoit Guichon;94230;94016;Cachan;;;650439.09;6855545.85;2.325291;48.798087;entrée;;;CACHAN;AVENUE BENOIT GUICHON;inconnue;inconnue;0;940160000C0092;aa70b974-1d25-4328-ba59-a61cc73fc2e0;b419645d-45d8-47a3-aa6a-f74f7f8326a5;e1ce01e3-3ad8-4ae8-b38b-91ad0bc88d58;nearest;0.26;0.9;000;0C;0092
94016_0649_00010;94016_0649;10;;Avenue Benoit Guichon;94230;94016;Cachan;;;650447.07;6855552.23;2.325399;48.798145;entrée;;;CACHAN;AVENUE BENOIT GUICHON;inconnue;inconnue;0;940160000C0208;b699fe7e-2665-4ed8-92b3-c5bb1ddec1ac;b419645d-45d8-47a3-aa6a-f74f7f8326a5;e1ce01e3-3ad8-4ae8-b38b-91ad0bc88d58;nearest;0.86;0.9;000;0C;0208
94016_0649_00011;94016_0649;11;;Avenue Benoit Guichon;94230;94016;Cachan;;;650427.08;6855551.18;2.325127;48.798134;entrée;;;CACHAN;AVENUE BENOIT GUICHON;inconnue;inconnue;0;940160000C0091;380618b0-e025-4831-82d4-c7ccac97277f;b419645d-45d8-47a3-aa6a-f74f7f8326a5;e1ce01e3-3ad8-4ae8-b38b-91ad0bc88d58;nearest;0.11;0.9;000;0C;0091
94016_0649_00012;94016_0649;12;;Avenue Benoit Guichon;94230;94016;Cachan;;;650428.48;6855560.39;2.325145;48.798217;entrée;;;CACHAN;AVENUE BENOIT GUICHON;inconnue;inconnue;0;940160000C0067;7a72ccc8-f0bd-4253-b782-28744afa1002;b419645d-45d8-47a3-aa6a-f74f7f8326a5;e1ce01e3-3ad8-4ae8-b38b-91ad0bc88d58;nearest;1.14;0.9;000;0C;0067
94016_0649_00013;94016_0649;13;;Avenue Benoit Guichon;94230;94016;Cachan;;;650418.31;6855555.48;2.325007;48.798172;entrée;;;CACHAN;AVENUE BENOIT GUICHON;inconnue;inconnue;0;940160000C0090;9174f170-76a3-4fe7-9bd2-d2808299b45d;b419645d-45d8-47a3-aa6a-f74f7f8326a5;e1ce01e3-3ad8-4ae8-b38b-91ad0bc88d58;nearest;0.39;0.9;000;0C;0090
94016_0649_00014;94016_0649;14;;Avenue Benoit Guichon;94230;94016;Cachan;;;650431.27;6855559.26;2.325183;48.798207;entrée;;;CACHAN;AVENUE BENOIT GUICHON;inconnue;inconnue;0;940160000C0067;aa838a8c-c829-46c4-81ea-3c6903fe6c85;b419645d-45d8-47a3-aa6a-f74f7f8326a5;e1ce01e3-3ad8-4ae8-b38b-91ad0bc88d58;nearest;1.02;0.9;000;0C;0067
94016_0649_00015;94016_0649;15;;Avenue Benoit Guichon;94230;94016;Cachan;;;650411.72;6855558.42;2.324917;48.798198;entrée;;;CACHAN;AVENUE BENOIT GUICHON;inconnue;inconnue;0;940160000C0089;1a249612-b260-4eb9-b618-77b2896d6ff6;b419645d-45d8-47a3-aa6a-f74f7f8326a5;e1ce01e3-3ad8-4ae8-b38b-91ad0bc88d58;nearest;0.34;0.9;000;0C;0089
94016_0649_00016;94016_0649;16;;Avenue Benoit Guichon;94230;94016;Cachan;;;650425.93;6855561.75;2.32511;48.798229;entrée;;;CACHAN;AVENUE BENOIT GUICHON;inconnue;inconnue;0;940160000C0068;51a4c412-6b65-48d4-82b7-3e79eae8e65e;b419645d-45d8-47a3-aa6a-f74f7f8326a5;e1ce01e3-3ad8-4ae8-b38b-91ad0bc88d58;nearest;0.96;0.9;000;0C;0068
94016_0649_00017;94016_0649;17;;Avenue Benoit Guichon;94230;94016;Cachan;;;650400.38;6855563.41;2.324762;48.798242;entrée;;;CACHAN;AVENUE BENOIT GUICHON;inconnue;inconnue;0;940160000C0203;2d34d235-1749-4caa-b50b-bc11966f746a;b419645d-45d8-47a3-aa6a-f74f7f8326a5;e1ce01e3-3ad8-4ae8-b38b-91ad0bc88d58;nearest;0.15;0.9;000;0C;0203
94016_0649_00018;94016_0649;18;;Avenue Benoit Guichon;94230;94016;Cachan;;;650412.83;6855567.75;2.324931;48.798282;entrée;;;CACHAN;AVENUE BENOIT GUICHON;inconnue;inconnue;0;940160000C0069;8dde0d3f-ce61-4c6d-b5e3-a5ab0f490205;b419645d-45d8-47a3-aa6a-f74f7f8326a5;e1ce01e3-3ad8-4ae8-b38b-91ad0bc88d58;nearest;0.92;0.9;000;0C;0069
94016_0649_00019;94016_0649;19;;Avenue Benoit Guichon;94230;94016;Cachan;;;650393.28;6855566.7;2.324665;48.798271;entrée;;;CACHAN;AVENUE BENOIT GUICHON;inconnue;inconnue;0;940160000C0202;a1c830fa-59f3-4399-bd17-127c116804d0;b419645d-45d8-47a3-aa6a-f74f7f8326a5;e1ce01e3-3ad8-4ae8-b38b-91ad0bc88d58;nearest;0.19;0.9;000;0C;0202
94016_0649_00020;94016_0649;20;;Avenue Benoit Guichon;94230;94016;Cachan;;;650406.68;6855569.92;2.324847;48.798301;entrée;;;CACHAN;AVENUE BENOIT GUICHON;inconnue;inconnue;0;940160000C0275;192e1a35-3336-4841-b5a9-97f68ee1743f;b419645d-45d8-47a3-aa6a-f74f7f8326a5;e1ce01e3-3ad8-4ae8-b38b-91ad0bc88d58;nearest;1.52;0.9;000;0C;0275
94016_0649_00021;94016_0649;21;;Avenue Benoit Guichon;94230;94016;Cachan;;;650384.72;6855570.66;2.324548;48.798306;entrée;;;CACHAN;AVENUE BENOIT GUICHON;inconnue;inconnue;0;940160000C0087;5cdaa857-eef3-4023-9c25-62ff04a2cbb4;b419645d-45d8-47a3-aa6a-f74f7f8326a5;e1ce01e3-3ad8-4ae8-b38b-91ad0bc88d58;nearest;0.24;0.9;000;0C;0087
94016_0649_00022;94016_0649;22;;Avenue Benoit Guichon;94230;94016;Cachan;;;650395.78;6855575.46;2.324698;48.79835;entrée;;;CACHAN;AVENUE BENOIT GUICHON;inconnue;inconnue;0;940160000C0274;e18387e3-cfd0-4e84-a760-7d0252e46fa9;b419645d-45d8-47a3-aa6a-f74f7f8326a5;e1ce01e3-3ad8-4ae8-b38b-91ad0bc88d58;nearest;0.98;0.9;000;0C;0274
94016_0649_00023;94016_0649;23;;Avenue Benoit Guichon;94230;94016;Cachan;;;650371.91;6855576.56;2.324373;48.798358;entrée;;;CACHAN;AVENUE BENOIT GUICHON;inconnue;inconnue;0;940160000C0086;1b8e229a-8c13-41d6-b14a-d73b10a8c161;b419645d-45d8-47a3-aa6a-f74f7f8326a5;e1ce01e3-3ad8-4ae8-b38b-91ad0bc88d58;nearest;0.27;0.9;000;0C;0086
94016_0649_00024;94016_0649;24;;Avenue Benoit Guichon;94230;94016;Cachan;;;650381;6855582.15;2.324496;48.798409;entrée;;;CACHAN;AVENUE BENOIT GUICHON;inconnue;inconnue;0;940160000C0071;1fdad5fc-f961-4b2e-82ab-f15527a2a093;b419645d-45d8-47a3-aa6a-f74f7f8326a5;e1ce01e3-3ad8-4ae8-b38b-91ad0bc88d58;nearest;1.04;0.9;000;0C;0071
94016_0649_00025;94016_0649;25;;Avenue Benoit Guichon;94230;94016;Cachan;;;650361.08;6855581.43;2.324225;48.798401;entrée;;;CACHAN;AVENUE BENOIT GUICHON;inconnue;inconnue;0;940160000C0085;cc25ff58-016d-4a68-9236-d26480828ba7;b419645d-45d8-47a3-aa6a-f74f7f8326a5;e1ce01e3-3ad8-4ae8-b38b-91ad0bc88d58;nearest;0.21;0.9;000;0C;0085
94016_0649_00026;94016_0649;26;;Avenue Benoit Guichon;94230;94016;Cachan;;;650371.19;6855586.46;2.324362;48.798447;entrée;;;CACHAN;AVENUE BENOIT GUICHON;inconnue;inconnue;0;940160000C0071;cbe9bb55-6000-46d0-8d57-617bbc8d924a;b419645d-45d8-47a3-aa6a-f74f7f8326a5;e1ce01e3-3ad8-4ae8-b38b-91ad0bc88d58;nearest;1.2;0.9;000;0C;0071
94016_0649_00027;94016_0649;27;;Avenue Benoit Guichon;94230;94016;Cachan;;;650351.5;6855585.85;2.324094;48.79844;entrée;;;CACHAN;AVENUE BENOIT GUICHON;inconnue;inconnue;0;940160000C0084;9b3fc67d-68b5-414d-9e05-76e0ee83056d;b419645d-45d8-47a3-aa6a-f74f7f8326a5;e1ce01e3-3ad8-4ae8-b38b-91ad0bc88d58;nearest;0.29;0.9;000;0C;0084
94016_0649_00028;94016_0649;28;;Avenue Benoit Guichon;94230;94016;Cachan;;;650362.19;6855590.54;2.324239;48.798483;entrée;;;CACHAN;AVENUE BENOIT GUICHON;inconnue;inconnue;0;940160000C0072;2f930749-bace-484a-b2a4-708acb65e5ac;b419645d-45d8-47a3-aa6a-f74f7f8326a5;e1ce01e3-3ad8-4ae8-b38b-91ad0bc88d58;nearest;1.19;0.9;000;0C;0072
94016_0649_00029;94016_0649;29;;Avenue Benoit Guichon;94230;94016;Cachan;;;650342.57;6855590.04;2.323972;48.798477;entrée;;;CACHAN;AVENUE BENOIT GUICHON;inconnue;inconnue;0;940160000C0083;cf0689a5-ba31-4a81-a8cc-293233b62662;b419645d-45d8-47a3-aa6a-f74f7f8326a5;e1ce01e3-3ad8-4ae8-b38b-91ad0bc88d58;nearest;0.39;0.9;000;0C;0083
94016_0649_00030;94016_0649;30;;Avenue Benoit Guichon;94230;94016;Cachan;;;650354.21;6855594.05;2.32413;48.798514;entrée;;;CACHAN;AVENUE BENOIT GUICHON;inconnue;inconnue;0;940160000C0073;8df45582-89fb-4eaa-9427-71eef571e2e3;b419645d-45d8-47a3-aa6a-f74f7f8326a5;e1ce01e3-3ad8-4ae8-b38b-91ad0bc88d58;nearest;1.31;0.9;000;0C;0073
94016_0649_00031;94016_0649;31;;Avenue Benoit Guichon;94230;94016;Cachan;;;650329.77;6855595.82;2.323797;48.798528;entrée;;;CACHAN;AVENUE BENOIT GUICHON;inconnue;inconnue;0;940160000C0082;a002776e-a69e-41bd-b772-a1504d1d662f;b419645d-45d8-47a3-aa6a-f74f7f8326a5;e1ce01e3-3ad8-4ae8-b38b-91ad0bc88d58;nearest;0.3;0.9;000;0C;0082
94016_0649_00032;94016_0649;32;;Avenue Benoit Guichon;94230;94016;Cachan;;;650344.77;6855598.25;2.324001;48.798551;entrée;;;CACHAN;AVENUE BENOIT GUICHON;inconnue;inconnue;0;940160000C0074;534f77ec-0cb9-439e-a393-2f86840dd6de;b419645d-45d8-47a3-aa6a-f74f7f8326a5;e1ce01e3-3ad8-4ae8-b38b-91ad0bc88d58;nearest;1.42;0.9;000;0C;0074
94016_0649_00034;94016_0649;34;;Avenue Benoit Guichon;94230;94016;Cachan;;;650328.39;6855606.17;2.323777;48.798621;entrée;;;CACHAN;AVENUE BENOIT GUICHON;inconnue;inconnue;0;940160000C0075;e2c7934a-26e2-4e16-a1b5-48478c86c5bc;b419645d-45d8-47a3-aa6a-f74f7f8326a5;e1ce01e3-3ad8-4ae8-b38b-91ad0bc88d58;nearest;0.95;0.9;000;0C;0075
94016_0649_00035;94016_0649;35;;Avenue Benoit Guichon;94230;94016;Cachan;;;650305.69;6855606.59;2.323468;48.798623;entrée;;;CACHAN;AVENUE BENOIT GUICHON;inconnue;inconnue;0;940160000C0080;fdb8d223-6f19-4192-9cde-8101ae2a290a;b419645d-45d8-47a3-aa6a-f74f7f8326a5;e1ce01e3-3ad8-4ae8-b38b-91ad0bc88d58;nearest;0.05;0.9;000;0C;0080
94016_0649_00036;94016_0649;36;;Avenue Benoit Guichon;94230;94016;Cachan;;;650315.58;6855611.73;2.323602;48.79867;entrée;;;CACHAN;AVENUE BENOIT GUICHON;inconnue;inconnue;0;940160000C0076;2020285e-2cfa-4c42-9d7f-fbb98aecfdf4;b419645d-45d8-47a3-aa6a-f74f7f8326a5;e1ce01e3-3ad8-4ae8-b38b-91ad0bc88d58;nearest;1.13;0.9;000;0C;0076
94016_0649_00037;94016_0649;37;;Avenue Benoit Guichon;94230;94016;Cachan;;;650298.01;6855609.99;2.323363;48.798653;entrée;;;CACHAN;AVENUE BENOIT GUICHON;inconnue;inconnue;0;940160000C0079;c5f8cbd5-51b9-4c03-91c9-d284dca3d2f6;b419645d-45d8-47a3-aa6a-f74f7f8326a5;e1ce01e3-3ad8-4ae8-b38b-91ad0bc88d58;nearest;0.26;0.9;000;0C;0079
94016_0649_00038;94016_0649;38;;Avenue Benoit Guichon;94230;94016;Cachan;;;650305.92;6855615.7;2.32347;48.798705;entrée;;;CACHAN;AVENUE BENOIT GUICHON;inconnue;inconnue;0;940160000C0076;98236a02-4ab5-40d5-beb9-dd2f9616cf94;b419645d-45d8-47a3-aa6a-f74f7f8326a5;e1ce01e3-3ad8-4ae8-b38b-91ad0bc88d58;nearest;1.13;0.9;000;0C;0076
94016_4115_00011;94016_4115;11;;Place Gambetta;94230;94016;Cachan;;;651154.9;6855183.85;2.335077;48.794886;entrée;;;CACHAN;PLACE GAMBETTA;inconnue;inconnue;0;940160000R0069;e55e1574-ce3c-4ea3-8049-9a109f6628fa;ea650ade-2908-447f-b3e3-c99764b4b38b;e1ce01e3-3ad8-4ae8-b38b-91ad0bc88d58;nearest;1.54;0.9;000;0R;0069
94016_4115_00012;94016_4115;12;;Place Gambetta;94230;94016;Cachan;;;651145.39;6855187.93;2.334947;48.794922;entrée;;;CACHAN;PLACE GAMBETTA;inconnue;inconnue;0;940160000R0069;e1fd2c32-db43-4d62-b84f-6780a106c3a1;ea650ade-2908-447f-b3e3-c99764b4b38b;e1ce01e3-3ad8-4ae8-b38b-91ad0bc88d58;nearest;1.37;0.9;000;0R;0069
94016_4115_00011_bis;94016_4115;11;bis;Place Gambetta;94230;94016;Cachan;;;651150;6855185.89;2.33501;48.794904;entrée;;;CACHAN;PLACE GAMBETTA;inconnue;inconnue;0;940160000R0069;28126c26-3b7f-457a-8bbc-2edc5ec0296b;ea650ade-2908-447f-b3e3-c99764b4b38b;e1ce01e3-3ad8-4ae8-b38b-91ad0bc88d58;nearest;1.51;0.9;000;0R;0069
94016_2580_00014;94016_2580;14;;Avenue Dumotel;94230;94016;Cachan;;;651189.79;6855077.92;2.335564;48.793936;entrée;;;CACHAN;AVENUE DUMOTEL;cadastre;inconnue;0;940160000Y0459;018e69ae-68f8-48e1-adda-3f5c64bd3bdf;1aa1953b-b9f5-477d-8523-90d2218d7e66;e1ce01e3-3ad8-4ae8-b38b-91ad0bc88d58;exist;;;000;0Y;0459
94016_2580_00022;94016_2580;22;;Avenue Dumotel;94230;94016;Cachan;;;651151.49;6854918.24;2.335061;48.792497;segment;;;CACHAN;AVENUE DUMOTEL;inconnue;inconnue;0;940160000Z0228;009f1899-fd97-4f26-9ccb-11313ce0d755;1aa1953b-b9f5-477d-8523-90d2218d7e66;e1ce01e3-3ad8-4ae8-b38b-91ad0bc88d58;within;0.0;1.0;000;0Z;0228
94016_2580_00026;94016_2580;26;;Avenue Dumotel;94230;94016;Cachan;;;651162.98;6854948.16;2.335214;48.792767;entrée;;;CACHAN;AVENUE DUMOTEL;inconnue;inconnue;0;940160000Z0228;8389efb2-9ada-48ba-9768-706b1d71e855;1aa1953b-b9f5-477d-8523-90d2218d7e66;e1ce01e3-3ad8-4ae8-b38b-91ad0bc88d58;within;0.0;1.0;000;0Z;0228
94016_2580_00028;94016_2580;28;;Avenue Dumotel;94230;94016;Cachan;;;651155.47;6854936.66;2.335113;48.792663;entrée;;;CACHAN;AVENUE DUMOTEL;inconnue;inconnue;0;940160000Z0228;b71adcd7-ec3e-4724-b2fe-a91dc23cf147;1aa1953b-b9f5-477d-8523-90d2218d7e66;e1ce01e3-3ad8-4ae8-b38b-91ad0bc88d58;within;0.0;1.0;000;0Z;0228
94016_2580_00030;94016_2580;30;;Avenue Dumotel;94230;94016;Cachan;;;651148.91;6854925.15;2.335025;48.792559;entrée;;;CACHAN;AVENUE DUMOTEL;inconnue;inconnue;0;940160000Z0228;c6635882-925a-44a6-aad6-1014b01f565d;1aa1953b-b9f5-477d-8523-90d2218d7e66;e1ce01e3-3ad8-4ae8-b38b-91ad0bc88d58;within;0.0;1.0;000;0Z;0228
94016_2580_00038;94016_2580;38;;Avenue Dumotel;94230;94016;Cachan;;;651119.19;6854859.46;2.334628;48.791966;entrée;;;CACHAN;AVENUE DUMOTEL;inconnue;inconnue;0;940160000Z0210;8a315b4b-9680-4f8b-b644-05773fc09c71;1aa1953b-b9f5-477d-8523-90d2218d7e66;e1ce01e3-3ad8-4ae8-b38b-91ad0bc88d58;nearest;2.14;0.9;000;0Z;0210
94016_2580_00040;94016_2580;40;;Avenue Dumotel;94230;94016;Cachan;;;651086.68;6854820.49;2.33419;48.791613;entrée;;;CACHAN;AVENUE DUMOTEL;inconnue;inconnue;0;940160000Z0154;3969f52c-9391-4431-a24a-cc5cf9e4f39d;1aa1953b-b9f5-477d-8523-90d2218d7e66;e1ce01e3-3ad8-4ae8-b38b-91ad0bc88d58;within;0.0;1.0;000;0Z;0154
94016_2580_00042;94016_2580;42;;Avenue Dumotel;94230;94016;Cachan;;;651055.39;6854768.71;2.33377;48.791145;entrée;;;CACHAN;AVENUE DUMOTEL;inconnue;inconnue;0;940160000Z0175;ec65d2df-8fea-4983-b899-51b551db6884;1aa1953b-b9f5-477d-8523-90d2218d7e66;e1ce01e3-3ad8-4ae8-b38b-91ad0bc88d58;within;0.0;1.0;000;0Z;0175
94016_2580_00043;94016_2580;43;;Avenue Dumotel;94230;94016;Cachan;;;651120.11;6854846.89;2.334642;48.791853;segment;;;CACHAN;AVENUE DUMOTEL;inconnue;inconnue;0;940160000Z0025;6e021995-e7f2-4fac-aea2-d27d015f3b09;1aa1953b-b9f5-477d-8523-90d2218d7e66;e1ce01e3-3ad8-4ae8-b38b-91ad0bc88d58;nearest;4.18;0.9;000;0Z;0025
94016_2580_00044;94016_2580;44;;Avenue Dumotel;94230;94016;Cachan;;;651048.01;6854756.54;2.333671;48.791035;entrée;;;CACHAN;AVENUE DUMOTEL;inconnue;inconnue;0;940160000Z0171;a96f5034-a26d-4239-a825-c6c07d1a478b;1aa1953b-b9f5-477d-8523-90d2218d7e66;e1ce01e3-3ad8-4ae8-b38b-91ad0bc88d58;within;0.0;1.0;000;0Z;0171
94016_2580_00045;94016_2580;45;;Avenue Dumotel;94230;94016;Cachan;;;651075.42;6854765.99;2.334043;48.791122;entrée;;;CACHAN;AVENUE DUMOTEL;inconnue;inconnue;0;940160000Z0131;d77f1614-5014-4f04-adeb-f8f6241eb976;1aa1953b-b9f5-477d-8523-90d2218d7e66;e1ce01e3-3ad8-4ae8-b38b-91ad0bc88d58;nearest;0.21;0.9;000;0Z;0131
94016_2580_00046;94016_2580;46;;Avenue Dumotel;94230;94016;Cachan;;;651004.63;6854761.69;2.33308;48.791078;entrée;;;CACHAN;AVENUE DUMOTEL;inconnue;inconnue;0;940160000Z0233;735db569-9bd3-4306-81a6-f6df4d7d0cad;1aa1953b-b9f5-477d-8523-90d2218d7e66;e1ce01e3-3ad8-4ae8-b38b-91ad0bc88d58;within;0.0;1.0;000;0Z;0233
94016_2580_00047;94016_2580;47;;Avenue Dumotel;94230;94016;Cachan;;;651079.9;6854748.94;2.334106;48.790969;entrée;;;CACHAN;AVENUE DUMOTEL;inconnue;inconnue;0;940160000Z0030;689302a3-afd9-4715-960d-956f292b314e;1aa1953b-b9f5-477d-8523-90d2218d7e66;e1ce01e3-3ad8-4ae8-b38b-91ad0bc88d58;within;0.0;1.0;000;0Z;0030
94016_2580_00048;94016_2580;48;;Avenue Dumotel;94230;94016;Cachan;;;650999.09;6854749.06;2.333006;48.790964;entrée;;;CACHAN;AVENUE DUMOTEL;inconnue;inconnue;0;940160000Z0233;955176cf-0651-4e46-b052-d4c36eeff28b;1aa1953b-b9f5-477d-8523-90d2218d7e66;e1ce01e3-3ad8-4ae8-b38b-91ad0bc88d58;within;0.0;1.0;000;0Z;0233
94016_2580_00049;94016_2580;49;;Avenue Dumotel;94230;94016;Cachan;;;651062.23;6854743.75;2.333866;48.790921;entrée;;;CACHAN;AVENUE DUMOTEL;inconnue;inconnue;0;940160000Z0032;647a8bec-285d-4566-a2ac-4da3bf1606ce;1aa1953b-b9f5-477d-8523-90d2218d7e66;e1ce01e3-3ad8-4ae8-b38b-91ad0bc88d58;nearest;0.09;0.9;000;0Z;0032
94016_2580_00050;94016_2580;50;;Avenue Dumotel;94230;94016;Cachan;;;651018.83;6854738.22;2.333276;48.790868;entrée;;;CACHAN;AVENUE DUMOTEL;inconnue;inconnue;0;940160000Z0233;e851b124-7143-4ae2-8567-b22f27be862e;1aa1953b-b9f5-477d-8523-90d2218d7e66;e1ce01e3-3ad8-4ae8-b38b-91ad0bc88d58;within;0.0;1.0;000;0Z;0233
94016_2580_00051;94016_2580;51;;Avenue Dumotel;94230;94016;Cachan;;;651055.97;6854733.46;2.333782;48.790828;entrée;;;CACHAN;AVENUE DUMOTEL;inconnue;inconnue;0;940160000Z0150;c9fd9ec1-f0ed-4e8b-9360-580839dcc0e4;1aa1953b-b9f5-477d-8523-90d2218d7e66;e1ce01e3-3ad8-4ae8-b38b-91ad0bc88d58;nearest;0.21;0.9;000;0Z;0150
94016_2580_00052;94016_2580;52;;Avenue Dumotel;94230;94016;Cachan;;;651000.9;6854676.99;2.333039;48.790316;entrée;;;CACHAN;AVENUE DUMOTEL;inconnue;inconnue;0;940160000O0156;9d8fce0e-054b-425e-8f29-1d3780c57003;1aa1953b-b9f5-477d-8523-90d2218d7e66;e1ce01e3-3ad8-4ae8-b38b-91ad0bc88d58;within;0.0;1.0;000;0O;0156
94016_2580_00053;94016_2580;53;;Avenue Dumotel;94230;94016;Cachan;;;651049.63;6854722.84;2.333697;48.790732;entrée;;;CACHAN;AVENUE DUMOTEL;inconnue;inconnue;0;940160000Z0149;6dac63f7-05c1-45a1-8eaf-1f9dfa8a55bd;1aa1953b-b9f5-477d-8523-90d2218d7e66;e1ce01e3-3ad8-4ae8-b38b-91ad0bc88d58;nearest;0.2;0.9;000;0Z;0149
94016_2580_00054;94016_2580;54;;Avenue Dumotel;94230;94016;Cachan;;;650990.03;6854659.52;2.332893;48.790158;entrée;;;CACHAN;AVENUE DUMOTEL;inconnue;inconnue;0;940160000O0156;fa798d64-0b19-4a71-9dc2-b7503e837e90;1aa1953b-b9f5-477d-8523-90d2218d7e66;e1ce01e3-3ad8-4ae8-b38b-91ad0bc88d58;within;0.0;1.0;000;0O;0156
94016_2580_00055;94016_2580;55;;Avenue Dumotel;94230;94016;Cachan;;;651044.27;6854713.88;2.333625;48.790651;entrée;;;CACHAN;AVENUE DUMOTEL;inconnue;inconnue;0;940160000Z0181;3a956e8d-3076-4f7f-8f69-c85340e024ca;1aa1953b-b9f5-477d-8523-90d2218d7e66;e1ce01e3-3ad8-4ae8-b38b-91ad0bc88d58;nearest;0.21;0.9;000;0Z;0181
94016_2580_00056;94016_2580;56;;Avenue Dumotel;94230;94016;Cachan;;;650966.31;6854625.69;2.332574;48.789852;entrée;;;CACHAN;AVENUE DUMOTEL;inconnue;inconnue;0;940160000O0163;158d2a73-bcd7-45a1-b176-754af76777dc;1aa1953b-b9f5-477d-8523-90d2218d7e66;e1ce01e3-3ad8-4ae8-b38b-91ad0bc88d58;within;0.0;1.0;000;0O;0163
94016_2580_00057;94016_2580;57;;Avenue Dumotel;94230;94016;Cachan;;;651038.98;6854705.14;2.333554;48.790572;entrée;;;CACHAN;AVENUE DUMOTEL;inconnue;inconnue;0;940160000Z0190;2dd337fc-359d-410b-8807-c4d44596b9de;1aa1953b-b9f5-477d-8523-90d2218d7e66;e1ce01e3-3ad8-4ae8-b38b-91ad0bc88d58;nearest;0.3;0.9;000;0Z;0190
94016_2580_00059;94016_2580;59;;Avenue Dumotel;94230;94016;Cachan;;;651026.31;6854683.45;2.333384;48.790376;entrée;;;CACHAN;AVENUE DUMOTEL;inconnue;inconnue;0;940160000O0015;efb4ffd7-1f9e-4215-a942-87829e383677;1aa1953b-b9f5-477d-8523-90d2218d7e66;e1ce01e3-3ad8-4ae8-b38b-91ad0bc88d58;nearest;0.12;0.9;000;0O;0015
94016_2580_00061;94016_2580;61;;Avenue Dumotel;94230;94016;Cachan;;;651020.42;6854673.72;2.333305;48.790288;entrée;;;CACHAN;AVENUE DUMOTEL;inconnue;inconnue;0;940160000O0014;10cd23ee-16f9-48d1-a70d-55949c11cf8a;1aa1953b-b9f5-477d-8523-90d2218d7e66;e1ce01e3-3ad8-4ae8-b38b-91ad0bc88d58;nearest;0.2;0.9;000;0O;0014
94016_2580_00063;94016_2580;63;;Avenue Dumotel;94230;94016;Cachan;;;651014.31;6854663.43;2.333223;48.790195;entrée;;;CACHAN;AVENUE DUMOTEL;inconnue;inconnue;0;940160000O0013;1782e410-5155-46a9-bac8-8917d2d77ff8;1aa1953b-b9f5-477d-8523-90d2218d7e66;e1ce01e3-3ad8-4ae8-b38b-91ad0bc88d58;nearest;0.17;0.9;000;0O;0013
94016_2580_00065;94016_2580;65;;Avenue Dumotel;94230;94016;Cachan;;;651009.09;6854654.69;2.333153;48.790116;entrée;;;CACHAN;AVENUE DUMOTEL;inconnue;inconnue;0;940160000O0012;5de90288-d329-49ce-9108-2040f27ee191;1aa1953b-b9f5-477d-8523-90d2218d7e66;e1ce01e3-3ad8-4ae8-b38b-91ad0bc88d58;nearest;0.19;0.9;000;0O;0012
94016_2580_00067;94016_2580;67;;Avenue Dumotel;94230;94016;Cachan;;;651000.67;6854640.75;2.33304;48.78999;entrée;;;CACHAN;AVENUE DUMOTEL;inconnue;inconnue;0;940160000O0010;6b94f33a-37f6-4d4a-9ef6-a9cd5f537e5b;1aa1953b-b9f5-477d-8523-90d2218d7e66;e1ce01e3-3ad8-4ae8-b38b-91ad0bc88d58;nearest;0.28;0.9;000;0O;0010
94016_2580_00069;94016_2580;69;;Avenue Dumotel;94230;94016;Cachan;;;650995.08;6854631.34;2.332965;48.789905;entrée;;;CACHAN;AVENUE DUMOTEL;inconnue;inconnue;0;940160000O0009;7eba346a-fb71-4ffb-b0d7-f9439fcf0219;1aa1953b-b9f5-477d-8523-90d2218d7e66;e1ce01e3-3ad8-4ae8-b38b-91ad0bc88d58;nearest;0.23;0.9;000;0O;0009
94016_2580_00071;94016_2580;71;;Avenue Dumotel;94230;94016;Cachan;;;650989.86;6854622.49;2.332895;48.789825;entrée;;;CACHAN;AVENUE DUMOTEL;inconnue;inconnue;0;940160000O0008;c13c2771-afea-442c-9a40-88060f4278d5;1aa1953b-b9f5-477d-8523-90d2218d7e66;e1ce01e3-3ad8-4ae8-b38b-91ad0bc88d58;nearest;0.15;0.9;000;0O;0008
94016_2580_00073;94016_2580;73;;Avenue Dumotel;94230;94016;Cachan;;;650985.69;6854615.63;2.332839;48.789763;entrée;;;CACHAN;AVENUE DUMOTEL;inconnue;inconnue;0;940160000O0133;68523b96-e6ae-43b2-81d0-98a676fdb062;1aa1953b-b9f5-477d-8523-90d2218d7e66;e1ce01e3-3ad8-4ae8-b38b-91ad0bc88d58;nearest;0.25;0.9;000;0O;0133
94016_2580_00065_bis;94016_2580;65;bis;Avenue Dumotel;94230;94016;Cachan;;;651005;6854648.16;2.333098;48.790057;entrée;;;CACHAN;AVENUE DUMOTEL;inconnue;inconnue;0;940160000O0011;f9501976-353a-4289-9eab-8f7214b48398;1aa1953b-b9f5-477d-8523-90d2218d7e66;e1ce01e3-3ad8-4ae8-b38b-91ad0bc88d58;nearest;0.38;0.9;000;0O;0011
94016_6115_00002;94016_6115;2;;Rue Marc Sangnier;94230;94016;Cachan;;;650755.41;6854197.06;2.329753;48.785981;entrée;;;CACHAN;RUE MARC SANGNIER;inconnue;inconnue;0;940160000N0081;09c588e7-f89f-4c07-a143-03d330e5a987;fe7b076b-1be5-4675-b202-712c07d80fa3;e1ce01e3-3ad8-4ae8-b38b-91ad0bc88d58;within;0.0;1.0;000;0N;0081
94016_6115_00004;94016_6115;4;;Rue Marc Sangnier;94230;94016;Cachan;;;650772.17;6854197.91;2.329981;48.78599;entrée;;;CACHAN;RUE MARC SANGNIER;inconnue;inconnue;0;940160000N0081;a94e37d2-8418-400a-863c-577f0a6949c5;fe7b076b-1be5-4675-b202-712c07d80fa3;e1ce01e3-3ad8-4ae8-b38b-91ad0bc88d58;within;0.0;1.0;000;0N;0081
94016_6115_00014;94016_6115;14;;Rue Marc Sangnier;94230;94016;Cachan;;;650916;6854203.03;2.331938;48.786047;entrée;;;CACHAN;RUE MARC SANGNIER;inconnue;inconnue;0;940160000N0071;9b82a6aa-b3ab-4e4c-b140-a799f4ba3e80;fe7b076b-1be5-4675-b202-712c07d80fa3;e1ce01e3-3ad8-4ae8-b38b-91ad0bc88d58;within;0.0;1.0;000;0N;0071
94016_6115_00018;94016_6115;18;;Rue Marc Sangnier;94230;94016;Cachan;;;650948.09;6854243.12;2.33237;48.78641;parcelle;;;CACHAN;RUE MARC SANGNIER;cadastre;inconnue;0;940160000N0087;9fc077da-e3d9-457f-8383-6e371b7d14bf;fe7b076b-1be5-4675-b202-712c07d80fa3;e1ce01e3-3ad8-4ae8-b38b-91ad0bc88d58;exist;;;000;0N;0087
94016_6115_00020;94016_6115;20;;Rue Marc Sangnier;94230;94016;Cachan;;;650948.09;6854243.12;2.33237;48.78641;parcelle;;;CACHAN;RUE MARC SANGNIER;cadastre;inconnue;0;940160000N0087;6976be3f-4340-47cc-bc30-980f9eea69c3;fe7b076b-1be5-4675-b202-712c07d80fa3;e1ce01e3-3ad8-4ae8-b38b-91ad0bc88d58;exist;;;000;0N;0087
94016_6115_00022;94016_6115;22;;Rue Marc Sangnier;94230;94016;Cachan;;;650948.09;6854243.12;2.33237;48.78641;parcelle;;;CACHAN;RUE MARC SANGNIER;cadastre;inconnue;0;940160000N0087;489d335c-5420-4980-86c8-36608668e1db;fe7b076b-1be5-4675-b202-712c07d80fa3;e1ce01e3-3ad8-4ae8-b38b-91ad0bc88d58;exist;;;000;0N;0087
94016_6115_00024;94016_6115;24;;Rue Marc Sangnier;94230;94016;Cachan;;;650948.09;6854243.12;2.33237;48.78641;parcelle;;;CACHAN;RUE MARC SANGNIER;cadastre;inconnue;0;940160000N0087;37081381-f073-445e-9f56-f1ba5496d07a;fe7b076b-1be5-4675-b202-712c07d80fa3;e1ce01e3-3ad8-4ae8-b38b-91ad0bc88d58;exist;;;000;0N;0087
94016_6115_00026;94016_6115;26;;Rue Marc Sangnier;94230;94016;Cachan;;;650948.09;6854243.12;2.33237;48.78641;parcelle;;;CACHAN;RUE MARC SANGNIER;cadastre;inconnue;0;940160000N0087;2b15c523-c917-46b7-9052-4a0a325258bc;fe7b076b-1be5-4675-b202-712c07d80fa3;e1ce01e3-3ad8-4ae8-b38b-91ad0bc88d58;exist;;;000;0N;0087
94016_6115_00028;94016_6115;28;;Rue Marc Sangnier;94230;94016;Cachan;;;650966.61;6854209.05;2.332626;48.786105;entrée;;;CACHAN;RUE MARC SANGNIER;inconnue;inconnue;0;940160000N0096;af30af0b-b001-4fdd-9a1d-93c213a02bcb;fe7b076b-1be5-4675-b202-712c07d80fa3;e1ce01e3-3ad8-4ae8-b38b-91ad0bc88d58;within;0.0;1.0;000;0N;0096
94016_5125_00001;94016_5125;1;;Avenue Leon Eyrolles;94230;94016;Cachan;;;650645.3;6855288.68;2.328128;48.79579;entrée;;;CACHAN;AVENUE LEON EYROLLES;inconnue;inconnue;0;940160000B0066;3b1368bb-298e-41d8-9e58-d90620667436;30e3e3e2-0068-47ec-991e-5d0e375b5589;e1ce01e3-3ad8-4ae8-b38b-91ad0bc88d58;nearest;0.15;0.9;000;0B;0066
94016_5125_00003;94016_5125;3;;Avenue Leon Eyrolles;94230;94016;Cachan;;;650656.21;6855344.74;2.32827;48.796295;entrée;;;CACHAN;AVENUE LEON EYROLLES;inconnue;inconnue;0;940160000B0067;3e6c65c6-1415-4d03-af1a-f603fed025bf;30e3e3e2-0068-47ec-991e-5d0e375b5589;e1ce01e3-3ad8-4ae8-b38b-91ad0bc88d58;nearest;0.19;0.9;000;0B;0067
94016_5125_00005;94016_5125;5;;Avenue Leon Eyrolles;94230;94016;Cachan;;;650660.91;6855379.39;2.32833;48.796607;segment;;;CACHAN;AVENUE LEON EYROLLES;inconnue;inconnue;0;940160000B0067;1ae16394-433d-4072-bb2a-860987653d3f;30e3e3e2-0068-47ec-991e-5d0e375b5589;e1ce01e3-3ad8-4ae8-b38b-91ad0bc88d58;nearest;3.18;0.9;000;0B;0067
94016_5125_00007;94016_5125;7;;Avenue Leon Eyrolles;94230;94016;Cachan;;;650677.51;6855422.17;2.328551;48.796993;entrée;;;CACHAN;AVENUE LEON EYROLLES;inconnue;inconnue;0;940160000B0134;de7bb7f3-468f-44d8-a0be-768dc31ce25a;30e3e3e2-0068-47ec-991e-5d0e375b5589;e1ce01e3-3ad8-4ae8-b38b-91ad0bc88d58;within;0.0;1.0;000;0B;0134
94016_5195_00002;94016_5195;2;;Rue du Lunain;94230;94016;Cachan;;;651473.38;6854492;2.339491;48.788688;entrée;;;CACHAN;RUE DU LUNAIN;inconnue;inconnue;0;94016000AD0183;e07ed25a-1778-4f01-9fd1-90d69ad05462;65bc6181-0f44-4f79-a901-3fe2fe053f01;e1ce01e3-3ad8-4ae8-b38b-91ad0bc88d58;nearest;0.22;0.9;000;AD;0183
94016_5195_00003;94016_5195;3;;Rue du Lunain;94230;94016;Cachan;;;651478.6;6854508.97;2.33956;48.788841;entrée;;;CACHAN;RUE DU LUNAIN;inconnue;inconnue;0;94016000AD0027;c1b6fc57-dbf0-43ec-a274-b90c4b74386c;65bc6181-0f44-4f79-a901-3fe2fe053f01;e1ce01e3-3ad8-4ae8-b38b-91ad0bc88d58;nearest;1.89;0.9;000;AD;0027
94016_5195_00006;94016_5195;6;;Rue du Lunain;94230;94016;Cachan;;;651549.82;6854485.91;2.340532;48.788639;entrée;;;CACHAN;RUE DU LUNAIN;inconnue;inconnue;0;94016000AD0126;09b8fdd6-c899-4724-920d-fc32fa5b2cfb;65bc6181-0f44-4f79-a901-3fe2fe053f01;e1ce01e3-3ad8-4ae8-b38b-91ad0bc88d58;nearest;0.44;0.9;000;AD;0126
94016_5195_00007;94016_5195;7;;Rue du Lunain;94230;94016;Cachan;;;651538.3;6854496.35;2.340374;48.788732;entrée;;;CACHAN;RUE DU LUNAIN;inconnue;inconnue;0;94016000AD0127;33c0134c-0474-4209-84b8-f81ab60f87f5;65bc6181-0f44-4f79-a901-3fe2fe053f01;e1ce01e3-3ad8-4ae8-b38b-91ad0bc88d58;nearest;1.19;0.9;000;AD;0127
94016_5195_00009;94016_5195;9;;Rue du Lunain;94230;94016;Cachan;;;651557.81;6854493.08;2.34064;48.788704;entrée;;;CACHAN;RUE DU LUNAIN;inconnue;inconnue;0;94016000AD0128;6a9b4f29-daf3-436c-ae51-05ec9301cb1e;65bc6181-0f44-4f79-a901-3fe2fe053f01;e1ce01e3-3ad8-4ae8-b38b-91ad0bc88d58;nearest;1.21;0.9;000;AD;0128
94016_5195_00010;94016_5195;10;;Rue du Lunain;94230;94016;Cachan;;;651580.7;6854480.54;2.340953;48.788593;entrée;;;CACHAN;RUE DU LUNAIN;inconnue;inconnue;0;94016000AD0439;5c137b19-776f-4abd-ad05-a7d3a93a877b;65bc6181-0f44-4f79-a901-3fe2fe053f01;e1ce01e3-3ad8-4ae8-b38b-91ad0bc88d58;nearest;0.08;0.9;000;AD;0439
94016_5195_00011;94016_5195;11;;Rue du Lunain;94230;94016;Cachan;;;651572.71;6854490.62;2.340843;48.788683;entrée;;;CACHAN;RUE DU LUNAIN;inconnue;inconnue;0;94016000AD0229;891301b4-75fd-48b3-aeb2-56e3e500fe17;65bc6181-0f44-4f79-a901-3fe2fe053f01;e1ce01e3-3ad8-4ae8-b38b-91ad0bc88d58;nearest;1.18;0.9;000;AD;0229
94016_5195_00012;94016_5195;12;;Rue du Lunain;94230;94016;Cachan;;;651593.98;6854478.21;2.341134;48.788573;entrée;;;CACHAN;RUE DU LUNAIN;inconnue;inconnue;0;94016000AD0423;25e37812-859c-4fea-a9ee-4b29bca99247;65bc6181-0f44-4f79-a901-3fe2fe053f01;e1ce01e3-3ad8-4ae8-b38b-91ad0bc88d58;within;0.0;1.0;000;AD;0423
94016_5195_00013;94016_5195;13;;Rue du Lunain;94230;94016;Cachan;;;651585.77;6854488.39;2.341021;48.788664;entrée;;;CACHAN;RUE DU LUNAIN;inconnue;inconnue;0;94016000AD0130;f027bcc1-07b0-480a-af42-6abd93bbfacc;65bc6181-0f44-4f79-a901-3fe2fe053f01;e1ce01e3-3ad8-4ae8-b38b-91ad0bc88d58;nearest;1.24;0.9;000;AD;0130
94016_5195_00014;94016_5195;14;;Rue du Lunain;94230;94016;Cachan;;;651619.22;6854474.11;2.341478;48.788538;entrée;;;CACHAN;RUE DU LUNAIN;inconnue;inconnue;0;94016000AD0400;70d0329f-07cb-4e84-8ab7-7646037151ea;65bc6181-0f44-4f79-a901-3fe2fe053f01;e1ce01e3-3ad8-4ae8-b38b-91ad0bc88d58;nearest;0.05;0.9;000;AD;0400
94016_5195_00015;94016_5195;15;;Rue du Lunain;94230;94016;Cachan;;;651597.58;6854486.52;2.341182;48.788648;entrée;;;CACHAN;RUE DU LUNAIN;inconnue;inconnue;0;94016000AD0244;7703f20d-71d9-4fc8-9188-adf7a8ab1f20;65bc6181-0f44-4f79-a901-3fe2fe053f01;e1ce01e3-3ad8-4ae8-b38b-91ad0bc88d58;nearest;1.17;0.9;000;AD;0244
94016_5195_00016;94016_5195;16;;Rue du Lunain;94230;94016;Cachan;;;651630.82;6854472.23;2.341636;48.788522;entrée;;;CACHAN;RUE DU LUNAIN;inconnue;inconnue;0;94016000AD0401;938ec5bd-4f5b-4346-9f54-ed23779d844f;65bc6181-0f44-4f79-a901-3fe2fe053f01;e1ce01e3-3ad8-4ae8-b38b-91ad0bc88d58;nearest;0.11;0.9;000;AD;0401
94016_5195_00017;94016_5195;17;;Rue du Lunain;94230;94016;Cachan;;;651610.93;6854484.29;2.341364;48.788629;entrée;;;CACHAN;RUE DU LUNAIN;inconnue;inconnue;0;94016000AD0132;b197dcbd-d414-4c77-baa7-ea509c5d8bc7;65bc6181-0f44-4f79-a901-3fe2fe053f01;e1ce01e3-3ad8-4ae8-b38b-91ad0bc88d58;nearest;1.16;0.9;000;AD;0132
94016_5195_00018;94016_5195;18;;Rue du Lunain;94230;94016;Cachan;;;651651.21;6854468.83;2.341914;48.788493;entrée;;;CACHAN;RUE DU LUNAIN;inconnue;inconnue;0;94016000AD0122;5eb2bb00-5b56-49c1-96e5-c05199368137;65bc6181-0f44-4f79-a901-3fe2fe053f01;e1ce01e3-3ad8-4ae8-b38b-91ad0bc88d58;nearest;0.14;0.9;000;AD;0122
94016_5195_00019;94016_5195;19;;Rue du Lunain;94230;94016;Cachan;;;651628.17;6854481.37;2.341599;48.788604;entrée;;;CACHAN;RUE DU LUNAIN;inconnue;inconnue;0;94016000AD0161;7d703abf-3a14-49ee-ab7a-1d0b5efead77;65bc6181-0f44-4f79-a901-3fe2fe053f01;e1ce01e3-3ad8-4ae8-b38b-91ad0bc88d58;nearest;1.22;0.9;000;AD;0161
94016_5195_00020;94016_5195;20;;Rue du Lunain;94230;94016;Cachan;;;651672.42;6854465.21;2.342203;48.788462;entrée;;;CACHAN;RUE DU LUNAIN;inconnue;inconnue;0;94016000AD0121;81e8c002-7de1-4735-8c0c-b16781be1446;65bc6181-0f44-4f79-a901-3fe2fe053f01;e1ce01e3-3ad8-4ae8-b38b-91ad0bc88d58;nearest;0.08;0.9;000;AD;0121
94016_5195_00021;94016_5195;21;;Rue du Lunain;94230;94016;Cachan;;;651645.78;6854478.55;2.341839;48.78858;entrée;;;CACHAN;RUE DU LUNAIN;inconnue;inconnue;0;94016000AD0133;bf53628b-362e-451c-816e-c0e6541d7a70;65bc6181-0f44-4f79-a901-3fe2fe053f01;e1ce01e3-3ad8-4ae8-b38b-91ad0bc88d58;nearest;1.13;0.9;000;AD;0133
94016_5195_00022;94016_5195;22;;Rue du Lunain;94230;94016;Cachan;;;651685.92;6854462.99;2.342387;48.788443;entrée;;;CACHAN;RUE DU LUNAIN;inconnue;inconnue;0;94016000AD0120;811e146a-2736-4712-8c00-a6beddb6a73c;65bc6181-0f44-4f79-a901-3fe2fe053f01;e1ce01e3-3ad8-4ae8-b38b-91ad0bc88d58;nearest;0.09;0.9;000;AD;0120
94016_5195_00023;94016_5195;23;;Rue du Lunain;94230;94016;Cachan;;;651661.26;6854475.87;2.34205;48.788557;entrée;;;CACHAN;RUE DU LUNAIN;inconnue;inconnue;0;94016000AD0134;2f79e97b-3f99-46be-a598-4ce3993e8e77;65bc6181-0f44-4f79-a901-3fe2fe053f01;e1ce01e3-3ad8-4ae8-b38b-91ad0bc88d58;nearest;1.23;0.9;000;AD;0134
94016_5195_00025;94016_5195;25;;Rue du Lunain;94230;94016;Cachan;;;651677.19;6854473.29;2.342267;48.788535;entrée;;;CACHAN;RUE DU LUNAIN;inconnue;inconnue;0;94016000AD0135;8bfe24ab-173e-4c3b-bf02-5715399a69c1;65bc6181-0f44-4f79-a901-3fe2fe053f01;e1ce01e3-3ad8-4ae8-b38b-91ad0bc88d58;nearest;1.15;0.9;000;AD;0135
94016_5195_00027;94016_5195;27;;Rue du Lunain;94230;94016;Cachan;;;651692.52;6854470.71;2.342476;48.788513;entrée;;;CACHAN;RUE DU LUNAIN;inconnue;inconnue;0;94016000AD0136;94e142a1-30c1-4b65-be68-5da3b1560d0b;65bc6181-0f44-4f79-a901-3fe2fe053f01;e1ce01e3-3ad8-4ae8-b38b-91ad0bc88d58;nearest;1.17;0.9;000;AD;0136
94016_5195_00029;94016_5195;29;;Rue du Lunain;94230;94016;Cachan;;;651695.48;6854509.05;2.342512;48.788858;;;;CACHAN;RUE DU LUNAIN;arcep;inconnue;0;94016000AD0356;c3468528-fcfb-4a0c-837a-1f58b8be44cd;65bc6181-0f44-4f79-a901-3fe2fe053f01;e1ce01e3-3ad8-4ae8-b38b-91ad0bc88d58;within;0.0;1.0;000;AD;0356
94016_5195_00031;94016_5195;31;;Rue du Lunain;94230;94016;Cachan;;;651668.95;6854516.5;2.34215;48.788923;;;;CACHAN;RUE DU LUNAIN;arcep;inconnue;0;94016000AD0356;38059c89-e885-467b-bca7-ba4cc4ecea51;65bc6181-0f44-4f79-a901-3fe2fe053f01;e1ce01e3-3ad8-4ae8-b38b-91ad0bc88d58;within;0.0;1.0;000;AD;0356
94016_5195_00033;94016_5195;33;;Rue du Lunain;94230;94016;Cachan;;;651646.37;6854522.47;2.341842;48.788975;;;;CACHAN;RUE DU LUNAIN;arcep;inconnue;0;94016000AD0356;83562118-cccf-455c-864e-69565e5a1c31;65bc6181-0f44-4f79-a901-3fe2fe053f01;e1ce01e3-3ad8-4ae8-b38b-91ad0bc88d58;within;0.0;1.0;000;AD;0356
94016_5195_00010_bis;94016_5195;10;bis;Rue du Lunain;94230;94016;Cachan;;;651580.85;6854480.21;2.340955;48.78859;segment;;;CACHAN;RUE DU LUNAIN;inconnue;inconnue;0;94016000AD0439;7f238ec4-c7a7-425e-bb5e-db1789f1e610;65bc6181-0f44-4f79-a901-3fe2fe053f01;e1ce01e3-3ad8-4ae8-b38b-91ad0bc88d58;within;0.0;1.0;000;AD;0439
94016_5195_00012_bis;94016_5195;12;bis;Rue du Lunain;94230;94016;Cachan;;;651605.21;6854476.45;2.341287;48.788558;entrée;;;CACHAN;RUE DU LUNAIN;inconnue;inconnue;0;94016000AD0424;677bfc79-bc47-4931-a4a9-77eed35a8ffe;65bc6181-0f44-4f79-a901-3fe2fe053f01;e1ce01e3-3ad8-4ae8-b38b-91ad0bc88d58;nearest;0.05;0.9;000;AD;0424
94016_2520_00003;94016_2520;3;;Sentier Defait;94230;94016;Cachan;;;651649.6;6855368.51;2.34179;48.796584;entrée;;;CACHAN;SENTIER DEFAIT;inconnue;inconnue;0;940160000U0310;75b9389b-8805-4e5c-9462-fa572d684b7c;9381df43-12d9-46fb-94d7-778e4d50b335;e1ce01e3-3ad8-4ae8-b38b-91ad0bc88d58;within;0.0;1.0;000;0U;0310
94016_2520_00004;94016_2520;4;;Sentier Defait;94230;94016;Cachan;;;651638.12;6855340.03;2.341637;48.796327;entrée;;;CACHAN;SENTIER DEFAIT;inconnue;inconnue;0;940160000V0268;36acf3b4-6be8-4824-bbe7-bc10bbb2c6e6;9381df43-12d9-46fb-94d7-778e4d50b335;e1ce01e3-3ad8-4ae8-b38b-91ad0bc88d58;nearest;0.16;0.9;000;0V;0268
94016_2520_00005;94016_2520;5;;Sentier Defait;94230;94016;Cachan;;;651652.02;6855341.91;2.341826;48.796345;entrée;;;CACHAN;SENTIER DEFAIT;inconnue;inconnue;0;940160000U0369;ce2d20b3-4d2c-43c0-99a3-f0276fe0ec0d;9381df43-12d9-46fb-94d7-778e4d50b335;e1ce01e3-3ad8-4ae8-b38b-91ad0bc88d58;nearest;2.11;0.9;000;0U;0369
94016_2520_00006;94016_2520;6;;Sentier Defait;94230;94016;Cachan;;;651658.69;6855322.29;2.341919;48.796169;entrée;;;CACHAN;SENTIER DEFAIT;inconnue;inconnue;0;940160000V0111;def9859e-0db3-4bca-9537-947ebc1af2e5;9381df43-12d9-46fb-94d7-778e4d50b335;e1ce01e3-3ad8-4ae8-b38b-91ad0bc88d58;nearest;0.04;0.9;000;0V;0111
94016_2520_00007;94016_2520;7;;Sentier Defait;94230;94016;Cachan;;;651657.41;6855335.64;2.3419;48.796289;entrée;;;CACHAN;SENTIER DEFAIT;inconnue;inconnue;0;940160000U0369;a6432638-667c-4271-993a-5df40b9a2798;9381df43-12d9-46fb-94d7-778e4d50b335;e1ce01e3-3ad8-4ae8-b38b-91ad0bc88d58;nearest;1.65;0.9;000;0U;0369
94016_2520_00008;94016_2520;8;;Sentier Defait;94230;94016;Cachan;;;651669.89;6855317.3;2.342072;48.796125;entrée;;;CACHAN;SENTIER DEFAIT;inconnue;inconnue;0;940160000V0112;bee825a5-b16b-4cef-ab66-ca20dd58d279;9381df43-12d9-46fb-94d7-778e4d50b335;e1ce01e3-3ad8-4ae8-b38b-91ad0bc88d58;nearest;0.11;0.9;000;0V;0112
94016_2520_00010;94016_2520;10;;Sentier Defait;94230;94016;Cachan;;;651683.58;6855311.85;2.342259;48.796077;entrée;;;CACHAN;SENTIER DEFAIT;inconnue;inconnue;0;940160000V0113;d55f4bb0-c742-454b-afa1-f779acf3bf7a;9381df43-12d9-46fb-94d7-778e4d50b335;e1ce01e3-3ad8-4ae8-b38b-91ad0bc88d58;nearest;0.11;0.9;000;0V;0113
94016_2520_00011;94016_2520;11;;Sentier Defait;94230;94016;Cachan;;;651662.28;6855329.71;2.341967;48.796236;entrée;;;CACHAN;SENTIER DEFAIT;inconnue;inconnue;0;940160000U0369;b766e796-7711-4453-85b2-d1ae92347f77;9381df43-12d9-46fb-94d7-778e4d50b335;e1ce01e3-3ad8-4ae8-b38b-91ad0bc88d58;nearest;1.43;0.9;000;0U;0369
94016_2520_00012;94016_2520;12;;Sentier Defait;94230;94016;Cachan;;;651712.48;6855305.94;2.342653;48.796026;entrée;;;CACHAN;SENTIER DEFAIT;inconnue;inconnue;0;940160000V0114;595610e2-9cd7-487d-8016-5fa95a56d913;9381df43-12d9-46fb-94d7-778e4d50b335;e1ce01e3-3ad8-4ae8-b38b-91ad0bc88d58;nearest;0.14;0.9;000;0V;0114
94016_2520_00013;94016_2520;13;;Sentier Defait;94230;94016;Cachan;;;651667.9;6855325.77;2.342044;48.796201;entrée;;;CACHAN;SENTIER DEFAIT;inconnue;inconnue;0;940160000U0369;a0a5c709-d2d8-4f51-bf50-d570decb0947;9381df43-12d9-46fb-94d7-778e4d50b335;e1ce01e3-3ad8-4ae8-b38b-91ad0bc88d58;nearest;1.34;0.9;000;0U;0369
94016_2520_00015;94016_2520;15;;Sentier Defait;94230;94016;Cachan;;;651675.67;6855322.81;2.34215;48.796175;entrée;;;CACHAN;SENTIER DEFAIT;inconnue;inconnue;0;940160000U0369;f5e3d7ec-4441-4338-9cc7-51ed4a9b0e1f;9381df43-12d9-46fb-94d7-778e4d50b335;e1ce01e3-3ad8-4ae8-b38b-91ad0bc88d58;nearest;1.24;0.9;000;0U;0369
94016_2520_00017;94016_2520;17;;Sentier Defait;94230;94016;Cachan;;;651683.57;6855319.52;2.342258;48.796146;entrée;;;CACHAN;SENTIER DEFAIT;inconnue;inconnue;0;940160000U0369;e1c64373-fa0c-4276-a533-5493a240b9b9;9381df43-12d9-46fb-94d7-778e4d50b335;e1ce01e3-3ad8-4ae8-b38b-91ad0bc88d58;nearest;1.42;0.9;000;0U;0369
94016_2520_00019;94016_2520;19;;Sentier Defait;94230;94016;Cachan;;;651692.8;6855316.55;2.342384;48.79612;entrée;;;CACHAN;SENTIER DEFAIT;inconnue;inconnue;0;940160000U0369;c004b4f7-e8f8-452f-abaa-1bef9cc49a40;9381df43-12d9-46fb-94d7-778e4d50b335;e1ce01e3-3ad8-4ae8-b38b-91ad0bc88d58;nearest;1.43;0.9;000;0U;0369
94016_2520_00021;94016_2520;21;;Sentier Defait;94230;94016;Cachan;;;651701.68;6855315.03;2.342505;48.796107;entrée;;;CACHAN;SENTIER DEFAIT;inconnue;inconnue;0;940160000U0369;d75d07e4-c68d-4a13-9831-61cc7ed92600;9381df43-12d9-46fb-94d7-778e4d50b335;e1ce01e3-3ad8-4ae8-b38b-91ad0bc88d58;nearest;1.23;0.9;000;0U;0369
94016_2520_00023;94016_2520;23;;Sentier Defait;94230;94016;Cachan;;;651746.66;6855308.88;2.343118;48.796055;segment;;;CACHAN;SENTIER DEFAIT;inconnue;inconnue;0;940160000U0360;fd61ee94-5ac9-4699-9a49-0776f2346126;9381df43-12d9-46fb-94d7-778e4d50b335;e1ce01e3-3ad8-4ae8-b38b-91ad0bc88d58;nearest;7.47;0.75;000;0U;0360
94016_3565_00002;94016_3565;2;;Rue François Villon;94230;94016;Cachan;;;650884.86;6854178.61;2.331517;48.785825;entrée;;;CACHAN;RUE FRANCOIS VILLON;inconnue;inconnue;0;940160000N0073;8ff821e5-16a7-411b-8c79-00f15f929c94;2372aeee-992b-4840-b418-dd4d46d86143;e1ce01e3-3ad8-4ae8-b38b-91ad0bc88d58;within;0.0;1.0;000;0N;0073
94016_3565_00004;94016_3565;4;;Rue François Villon;94230;94016;Cachan;;;650885.68;6854162.59;2.33153;48.785681;entrée;;;CACHAN;RUE FRANCOIS VILLON;inconnue;inconnue;0;940160000N0073;c75555c9-3471-4154-84c2-6bd55a9195cc;2372aeee-992b-4840-b418-dd4d46d86143;e1ce01e3-3ad8-4ae8-b38b-91ad0bc88d58;within;0.0;1.0;000;0N;0073
94016_3565_00006;94016_3565;6;;Rue François Villon;94230;94016;Cachan;;;650886.43;6854147.13;2.331542;48.785542;entrée;;;CACHAN;RUE FRANCOIS VILLON;inconnue;inconnue;0;940160000N0073;3b46d7b5-0f44-4c35-9ac5-20eba1dbf473;2372aeee-992b-4840-b418-dd4d46d86143;e1ce01e3-3ad8-4ae8-b38b-91ad0bc88d58;within;0.0;1.0;000;0N;0073
94016_3565_00008;94016_3565;8;;Rue François Villon;94230;94016;Cachan;;;650887.1;6854130;2.331553;48.785388;entrée;;;CACHAN;RUE FRANCOIS VILLON;inconnue;inconnue;0;940160000N0073;7a49116f-d7ba-46df-b24a-bbb26ee01595;2372aeee-992b-4840-b418-dd4d46d86143;e1ce01e3-3ad8-4ae8-b38b-91ad0bc88d58;within;0.0;1.0;000;0N;0073
94016_3565_00010;94016_3565;10;;Rue François Villon;94230;94016;Cachan;;;650886.02;6854115.11;2.33154;48.785254;entrée;;;CACHAN;RUE FRANCOIS VILLON;inconnue;inconnue;0;940160000N0073;fca8c2a2-12f5-4e33-be3d-21414efe39ed;2372aeee-992b-4840-b418-dd4d46d86143;e1ce01e3-3ad8-4ae8-b38b-91ad0bc88d58;within;0.0;1.0;000;0N;0073
94016_5155_00002;94016_5155;2;;Rue du Loing;94230;94016;Cachan;;;650333.17;6855032.71;2.323909;48.793464;entrée;;;CACHAN;RUE DU LOING;inconnue;inconnue;0;940160000G0014;c0231571-c4f9-4a8a-8f4c-a09877ca434c;608e0533-3f1b-4275-906a-8699dd2be064;e1ce01e3-3ad8-4ae8-b38b-91ad0bc88d58;within;0.0;1.0;000;0G;0014
94016_5155_00003;94016_5155;3;;Rue du Loing;94230;94016;Cachan;;;650604.47;6854842.14;2.327624;48.791771;entrée;;;CACHAN;RUE DU LOING;inconnue;inconnue;0;940160000G0035;2f032d01-04ae-4538-8f8b-4be3b53a5157;608e0533-3f1b-4275-906a-8699dd2be064;e1ce01e3-3ad8-4ae8-b38b-91ad0bc88d58;nearest;1.28;0.9;000;0G;0035
94016_5155_00005;94016_5155;5;;Rue du Loing;94230;94016;Cachan;;;650609.41;6854852.22;2.32769;48.791862;entrée;;;CACHAN;RUE DU LOING;inconnue;inconnue;0;940160000G0036;ef7b037b-2e50-4b41-b5e5-7089f2ac270f;608e0533-3f1b-4275-906a-8699dd2be064;e1ce01e3-3ad8-4ae8-b38b-91ad0bc88d58;nearest;1.58;0.9;000;0G;0036
94016_5155_00007;94016_5155;7;;Rue du Loing;94230;94016;Cachan;;;650604.7;6854878.06;2.327623;48.792094;entrée;;;CACHAN;RUE DU LOING;inconnue;inconnue;0;940160000G0037;8af4d178-dab1-4ddd-8ff9-715a15e47490;608e0533-3f1b-4275-906a-8699dd2be064;e1ce01e3-3ad8-4ae8-b38b-91ad0bc88d58;nearest;0.12;0.9;000;0G;0037
94016_5155_00009;94016_5155;9;;Rue du Loing;94230;94016;Cachan;;;650588.53;6854885.53;2.327402;48.79216;entrée;;;CACHAN;RUE DU LOING;inconnue;inconnue;0;940160000G0038;d3cb6353-99b2-413e-9d17-db7e2bd6cc55;608e0533-3f1b-4275-906a-8699dd2be064;e1ce01e3-3ad8-4ae8-b38b-91ad0bc88d58;nearest;0.09;0.9;000;0G;0038
94016_5155_00011;94016_5155;11;;Rue du Loing;94230;94016;Cachan;;;650577.41;6854891.07;2.32725;48.792209;entrée;;;CACHAN;RUE DU LOING;inconnue;inconnue;0;940160000G0039;e0d94611-8357-4b04-a00f-761acde410c5;608e0533-3f1b-4275-906a-8699dd2be064;e1ce01e3-3ad8-4ae8-b38b-91ad0bc88d58;nearest;0.45;0.9;000;0G;0039
94016_5155_00013;94016_5155;13;;Rue du Loing;94230;94016;Cachan;;;650567.53;6854895.27;2.327115;48.792246;entrée;;;CACHAN;RUE DU LOING;inconnue;inconnue;0;940160000G0040;0e8f0a74-38bc-4602-9206-e897fd10fa61;608e0533-3f1b-4275-906a-8699dd2be064;e1ce01e3-3ad8-4ae8-b38b-91ad0bc88d58;nearest;0.06;0.9;000;0G;0040
94016_5155_00015;94016_5155;15;;Rue du Loing;94230;94016;Cachan;;;650557.8;6854899.92;2.326982;48.792287;entrée;;;CACHAN;RUE DU LOING;inconnue;inconnue;0;940160000G0041;e24c0a5c-fb97-46b5-9e84-90a5e9235b2f;608e0533-3f1b-4275-906a-8699dd2be064;e1ce01e3-3ad8-4ae8-b38b-91ad0bc88d58;nearest;0.11;0.9;000;0G;0041
94016_5155_00017;94016_5155;17;;Rue du Loing;94230;94016;Cachan;;;650545.44;6854906.14;2.326813;48.792342;entrée;;;CACHAN;RUE DU LOING;inconnue;inconnue;0;940160000G0042;c09ab33e-3129-4cba-8ee0-b1bab7d0e38a;608e0533-3f1b-4275-906a-8699dd2be064;e1ce01e3-3ad8-4ae8-b38b-91ad0bc88d58;nearest;0.49;0.9;000;0G;0042
94016_5155_00019;94016_5155;19;;Rue du Loing;94230;94016;Cachan;;;650524.8;6854915.65;2.326531;48.792426;entrée;;;CACHAN;RUE DU LOING;inconnue;inconnue;0;940160000G0043;baebe93e-ab63-495e-b3e7-76dd78434ecf;608e0533-3f1b-4275-906a-8699dd2be064;e1ce01e3-3ad8-4ae8-b38b-91ad0bc88d58;nearest;0.4;0.9;000;0G;0043
94016_5155_00023;94016_5155;23;;Rue du Loing;94230;94016;Cachan;;;650460.62;6854945.55;2.325654;48.79269;entrée;;;CACHAN;RUE DU LOING;inconnue;inconnue;0;940160000G0062;54f910f0-8cd2-4ccd-b200-06693cdbc8e1;608e0533-3f1b-4275-906a-8699dd2be064;e1ce01e3-3ad8-4ae8-b38b-91ad0bc88d58;nearest;0.39;0.9;000;0G;0062
94016_5155_00025;94016_5155;25;;Rue du Loing;94230;94016;Cachan;;;650424.9;6854942.86;2.325168;48.792663;entrée;;;CACHAN;RUE DU LOING;inconnue;inconnue;0;940160000G0063;dc935009-4060-4b6f-93e2-6e9ce1ed6209;608e0533-3f1b-4275-906a-8699dd2be064;e1ce01e3-3ad8-4ae8-b38b-91ad0bc88d58;within;0.0;1.0;000;0G;0063
94016_5155_00029;94016_5155;29;;Rue du Loing;94230;94016;Cachan;;;650411.01;6854968.77;2.324976;48.792895;entrée;;;CACHAN;RUE DU LOING;inconnue;inconnue;0;940160000G0064;5e86fa1f-d5dc-41c2-bcfd-48c6a04f06d4;608e0533-3f1b-4275-906a-8699dd2be064;e1ce01e3-3ad8-4ae8-b38b-91ad0bc88d58;nearest;0.38;0.9;000;0G;0064
94016_5155_00033;94016_5155;33;;Rue du Loing;94230;94016;Cachan;;;650358.47;6854993.35;2.324258;48.793112;entrée;;;CACHAN;RUE DU LOING;inconnue;inconnue;0;940160000G0100;29740d59-4d98-4b92-a975-213425748717;608e0533-3f1b-4275-906a-8699dd2be064;e1ce01e3-3ad8-4ae8-b38b-91ad0bc88d58;nearest;0.46;0.9;000;0G;0100
94016_5155_00035;94016_5155;35;;Rue du Loing;94230;94016;Cachan;;;650345.52;6854999.24;2.324081;48.793164;entrée;;;CACHAN;RUE DU LOING;inconnue;inconnue;0;940160000G0099;ebe1981e-dec2-4394-ade3-7969372423e3;608e0533-3f1b-4275-906a-8699dd2be064;e1ce01e3-3ad8-4ae8-b38b-91ad0bc88d58;nearest;0.32;0.9;000;0G;0099
94016_7135_00001;94016_7135;1;;Rue des Peupliers;94230;94016;Cachan;;;650513.8;6853970.28;2.326491;48.783923;entrée;;;CACHAN;RUE DES PEUPLIERS;inconnue;inconnue;0;940160000M0133;48a021cd-a130-4bfe-832e-a814c2d56e9c;662b5040-7578-4bfc-9aea-e934e5cdf837;e1ce01e3-3ad8-4ae8-b38b-91ad0bc88d58;nearest;0.47;0.9;000;0M;0133
94016_7135_00003;94016_7135;3;;Rue des Peupliers;94230;94016;Cachan;;;650501.28;6853949.93;2.326323;48.783739;entrée;;;CACHAN;RUE DES PEUPLIERS;inconnue;inconnue;0;940160000M0038;1e0dc18a-3e94-45b0-a81e-e1031ae2c471;662b5040-7578-4bfc-9aea-e934e5cdf837;e1ce01e3-3ad8-4ae8-b38b-91ad0bc88d58;nearest;0.27;0.9;000;0M;0038
94016_7135_00004;94016_7135;4;;Rue des Peupliers;94230;94016;Cachan;;;650493.88;6853934.98;2.326224;48.783604;entrée;;;CACHAN;RUE DES PEUPLIERS;inconnue;inconnue;0;940160000M0189;fbe9efc4-8409-476d-881d-4b2f0ed80d0d;662b5040-7578-4bfc-9aea-e934e5cdf837;e1ce01e3-3ad8-4ae8-b38b-91ad0bc88d58;nearest;1.41;0.9;000;0M;0189
94016_7135_00005;94016_7135;5;;Rue des Peupliers;94230;94016;Cachan;;;650499.79;6853939.15;2.326304;48.783642;entrée;;;CACHAN;RUE DES PEUPLIERS;inconnue;inconnue;0;940160000M0039;2ed78809-91d2-4229-b678-26543255f5ef;662b5040-7578-4bfc-9aea-e934e5cdf837;e1ce01e3-3ad8-4ae8-b38b-91ad0bc88d58;nearest;0.24;0.9;000;0M;0039
94016_7135_00006;94016_7135;6;;Rue des Peupliers;94230;94016;Cachan;;;650485.59;6853858.88;2.32612;48.782919;entrée;;;CACHAN;RUE DES PEUPLIERS;inconnue;inconnue;0;940160000M0108;4120f536-9b34-46d3-bcf2-a948b6d631da;662b5040-7578-4bfc-9aea-e934e5cdf837;e1ce01e3-3ad8-4ae8-b38b-91ad0bc88d58;nearest;1.42;0.9;000;0M;0108
94016_7135_00007;94016_7135;7;;Rue des Peupliers;94230;94016;Cachan;;;650498.07;6853927.16;2.326282;48.783534;entrée;;;CACHAN;RUE DES PEUPLIERS;inconnue;inconnue;0;940160000M0040;1153079b-4e6d-46b0-9cc5-0b819dfbb309;662b5040-7578-4bfc-9aea-e934e5cdf837;e1ce01e3-3ad8-4ae8-b38b-91ad0bc88d58;nearest;0.29;0.9;000;0M;0040
94016_7135_00008;94016_7135;8;;Rue des Peupliers;94230;94016;Cachan;;;650480.92;6853846.13;2.326058;48.782804;entrée;;;CACHAN;RUE DES PEUPLIERS;inconnue;inconnue;0;940160000M0171;56e57566-3e9b-4480-8cde-5acf4553fa70;662b5040-7578-4bfc-9aea-e934e5cdf837;e1ce01e3-3ad8-4ae8-b38b-91ad0bc88d58;nearest;1.18;0.9;000;0M;0171
94016_7135_00009;94016_7135;9;;Rue des Peupliers;94230;94016;Cachan;;;650496.27;6853914.61;2.326259;48.783421;entrée;;;CACHAN;RUE DES PEUPLIERS;inconnue;inconnue;0;940160000M0041;a60aa4ca-79bd-4bf6-a0d0-65e02d8419d9;662b5040-7578-4bfc-9aea-e934e5cdf837;e1ce01e3-3ad8-4ae8-b38b-91ad0bc88d58;nearest;0.36;0.9;000;0M;0041
94016_7135_00010;94016_7135;10;;Rue des Peupliers;94230;94016;Cachan;;;650482.31;6853836.78;2.326078;48.78272;entrée;;;CACHAN;RUE DES PEUPLIERS;inconnue;inconnue;0;940160000M0033;dbc96dbd-6818-4902-8734-c4e1a5b876cc;662b5040-7578-4bfc-9aea-e934e5cdf837;e1ce01e3-3ad8-4ae8-b38b-91ad0bc88d58;nearest;1.07;0.9;000;0M;0033
94016_7135_00011;94016_7135;11;;Rue des Peupliers;94230;94016;Cachan;;;650494.63;6853902.17;2.326238;48.783309;entrée;;;CACHAN;RUE DES PEUPLIERS;inconnue;inconnue;0;940160000M0179;5f92dfda-606f-4b34-909e-ba43d8fc78f6;662b5040-7578-4bfc-9aea-e934e5cdf837;e1ce01e3-3ad8-4ae8-b38b-91ad0bc88d58;nearest;0.23;0.9;000;0M;0179
94016_7135_00012;94016_7135;12;;Rue des Peupliers;94230;94016;Cachan;;;650481.44;6853828.9;2.326067;48.782649;entrée;;;CACHAN;RUE DES PEUPLIERS;inconnue;inconnue;0;940160000M0032;692af944-94ff-44b9-a550-3ac827b75ffb;662b5040-7578-4bfc-9aea-e934e5cdf837;e1ce01e3-3ad8-4ae8-b38b-91ad0bc88d58;nearest;1.44;0.9;000;0M;0032
94016_7135_00013;94016_7135;13;;Rue des Peupliers;94230;94016;Cachan;;;650493.38;6853894.06;2.326222;48.783236;entrée;;;CACHAN;RUE DES PEUPLIERS;inconnue;inconnue;0;940160000M0179;e8af0079-56c4-467e-b36e-09748f062b6c;662b5040-7578-4bfc-9aea-e934e5cdf837;e1ce01e3-3ad8-4ae8-b38b-91ad0bc88d58;nearest;0.37;0.9;000;0M;0179
94016_7135_00015;94016_7135;15;;Rue des Peupliers;94230;94016;Cachan;;;650492.6;6853888.18;2.326212;48.783183;entrée;;;CACHAN;RUE DES PEUPLIERS;inconnue;inconnue;0;940160000M0043;2796bcd5-94ab-4549-87f3-8c57870237c5;662b5040-7578-4bfc-9aea-e934e5cdf837;e1ce01e3-3ad8-4ae8-b38b-91ad0bc88d58;nearest;0.3;0.9;000;0M;0043
94016_7135_00016;94016_7135;16;;Rue des Peupliers;94230;94016;Cachan;;;650478.93;6853811.02;2.326035;48.782488;entrée;;;CACHAN;RUE DES PEUPLIERS;inconnue;inconnue;0;940160000M0030;2b358047-2721-4376-b382-c7c7fe4d739e;662b5040-7578-4bfc-9aea-e934e5cdf837;e1ce01e3-3ad8-4ae8-b38b-91ad0bc88d58;nearest;1.48;0.9;000;0M;0030
94016_7135_00017;94016_7135;17;;Rue des Peupliers;94230;94016;Cachan;;;650491.5;6853879.96;2.326198;48.783109;entrée;;;CACHAN;RUE DES PEUPLIERS;inconnue;inconnue;0;940160000M0044;037d1b64-8aca-49bc-9d42-2c1f67512fc6;662b5040-7578-4bfc-9aea-e934e5cdf837;e1ce01e3-3ad8-4ae8-b38b-91ad0bc88d58;nearest;0.19;0.9;000;0M;0044
94016_7135_00018;94016_7135;18;;Rue des Peupliers;94230;94016;Cachan;;;650476.71;6853800.03;2.326006;48.782389;entrée;;;CACHAN;RUE DES PEUPLIERS;inconnue;inconnue;0;940160000M0029;c09b55e2-bdbe-4d04-b0d5-f3070ca8cca2;662b5040-7578-4bfc-9aea-e934e5cdf837;e1ce01e3-3ad8-4ae8-b38b-91ad0bc88d58;nearest;1.29;0.9;000;0M;0029
94016_7135_00019;94016_7135;19;;Rue des Peupliers;94230;94016;Cachan;;;650490.09;6853869.96;2.32618;48.783019;entrée;;;CACHAN;RUE DES PEUPLIERS;inconnue;inconnue;0;940160000M0045;350fe4b5-32f6-4cd9-9906-ba8e9991c619;662b5040-7578-4bfc-9aea-e934e5cdf837;e1ce01e3-3ad8-4ae8-b38b-91ad0bc88d58;nearest;0.17;0.9;000;0M;0045
94016_7135_00020;94016_7135;20;;Rue des Peupliers;94230;94016;Cachan;;;650469.49;6853789.41;2.325909;48.782293;entrée;;;CACHAN;RUE DES PEUPLIERS;inconnue;inconnue;0;940160000M0164;ab622958-2bee-436d-bbe7-786f566045e7;662b5040-7578-4bfc-9aea-e934e5cdf837;e1ce01e3-3ad8-4ae8-b38b-91ad0bc88d58;nearest;1.27;0.9;000;0M;0164
94016_7135_00021;94016_7135;21;;Rue des Peupliers;94230;94016;Cachan;;;650491.43;6853854.38;2.3262;48.782879;entrée;;;CACHAN;RUE DES PEUPLIERS;inconnue;inconnue;0;940160000M0175;fb5a459e-cf5a-407c-8422-e40ba0e386fa;662b5040-7578-4bfc-9aea-e934e5cdf837;e1ce01e3-3ad8-4ae8-b38b-91ad0bc88d58;nearest;0.14;0.9;000;0M;0175
94016_7135_00022;94016_7135;22;;Rue des Peupliers;94230;94016;Cachan;;;650472.19;6853779.27;2.325947;48.782202;entrée;;;CACHAN;RUE DES PEUPLIERS;inconnue;inconnue;0;940160000M0027;20ed7027-343b-4dcb-a934-a0b091c567e2;662b5040-7578-4bfc-9aea-e934e5cdf837;e1ce01e3-3ad8-4ae8-b38b-91ad0bc88d58;nearest;1.75;0.9;000;0M;0027
94016_7135_00023;94016_7135;23;;Rue des Peupliers;94230;94016;Cachan;;;650486.57;6853844.75;2.326135;48.782792;entrée;;;CACHAN;RUE DES PEUPLIERS;inconnue;inconnue;0;940160000M0047;cf7a153f-13a7-4325-8962-96c7dc9af14b;662b5040-7578-4bfc-9aea-e934e5cdf837;e1ce01e3-3ad8-4ae8-b38b-91ad0bc88d58;nearest;0.27;0.9;000;0M;0047
94016_7135_00025;94016_7135;25;;Rue des Peupliers;94230;94016;Cachan;;;650484.61;6853830.54;2.32611;48.782664;entrée;;;CACHAN;RUE DES PEUPLIERS;inconnue;inconnue;0;940160000M0048;df4f8b8c-f159-467e-8c72-d95347ee2616;662b5040-7578-4bfc-9aea-e934e5cdf837;e1ce01e3-3ad8-4ae8-b38b-91ad0bc88d58;nearest;0.31;0.9;000;0M;0048
94016_7135_00029;94016_7135;29;;Rue des Peupliers;94230;94016;Cachan;;;650484.58;6853810.52;2.326112;48.782484;entrée;;;CACHAN;RUE DES PEUPLIERS;inconnue;inconnue;0;940160000M0173;c69c2a27-7935-44a7-8efc-f7f2611f64db;662b5040-7578-4bfc-9aea-e934e5cdf837;e1ce01e3-3ad8-4ae8-b38b-91ad0bc88d58;nearest;0.8;0.9;000;0M;0173
94016_7135_00031;94016_7135;31;;Rue des Peupliers;94230;94016;Cachan;;;650487.01;6853827.4;2.326143;48.782636;entrée;;;CACHAN;RUE DES PEUPLIERS;inconnue;inconnue;0;940160000M0048;d31422f4-225e-4d76-8946-0edf2eaf1d93;662b5040-7578-4bfc-9aea-e934e5cdf837;e1ce01e3-3ad8-4ae8-b38b-91ad0bc88d58;within;0.0;1.0;000;0M;0048
94016_7135_00033;94016_7135;33;;Rue des Peupliers;94230;94016;Cachan;;;650476.96;6853787.24;2.326011;48.782274;entrée;;;CACHAN;RUE DES PEUPLIERS;inconnue;inconnue;0;940160000M0052;60c24486-255e-46d7-ac6e-89e30e64fbc0;662b5040-7578-4bfc-9aea-e934e5cdf837;e1ce01e3-3ad8-4ae8-b38b-91ad0bc88d58;nearest;0.34;0.9;000;0M;0052
94016_7135_00035;94016_7135;35;;Rue des Peupliers;94230;94016;Cachan;;;650474.23;6853776.47;2.325975;48.782177;entrée;;;CACHAN;RUE DES PEUPLIERS;inconnue;inconnue;0;940160000M0053;948c9ef9-159b-4d1b-9250-53ad77b9043d;662b5040-7578-4bfc-9aea-e934e5cdf837;e1ce01e3-3ad8-4ae8-b38b-91ad0bc88d58;nearest;0.17;0.9;000;0M;0053
94016_7135_00037;94016_7135;37;;Rue des Peupliers;94230;94016;Cachan;;;650470.83;6853765.27;2.32593;48.782076;entrée;;;CACHAN;RUE DES PEUPLIERS;inconnue;inconnue;0;940160000M0168;00a79c0b-a1e8-4573-8f9f-76b50a2b6153;662b5040-7578-4bfc-9aea-e934e5cdf837;e1ce01e3-3ad8-4ae8-b38b-91ad0bc88d58;nearest;0.42;0.9;000;0M;0168
94016_7135_00039;94016_7135;39;;Rue des Peupliers;94230;94016;Cachan;;;650468.71;6853758.4;2.325902;48.782014;entrée;;;CACHAN;RUE DES PEUPLIERS;inconnue;inconnue;0;940160000M0167;53b99d08-19af-498c-b7a3-1c01a4f4d0d3;662b5040-7578-4bfc-9aea-e934e5cdf837;e1ce01e3-3ad8-4ae8-b38b-91ad0bc88d58;nearest;0.63;0.9;000;0M;0167
94016_7135_00001_bis;94016_7135;1;bis;Rue des Peupliers;94230;94016;Cachan;;;650513.8;6853970.28;2.326491;48.783923;entrée;;;CACHAN;RUE DES PEUPLIERS;inconnue;inconnue;0;940160000M0133;c6ef4777-a2db-4be1-8c9b-af67e908dff0;662b5040-7578-4bfc-9aea-e934e5cdf837;e1ce01e3-3ad8-4ae8-b38b-91ad0bc88d58;nearest;0.47;0.9;000;0M;0133
94016_7135_00004_bis;94016_7135;4;bis;Rue des Peupliers;94230;94016;Cachan;;;650485.99;6853897.46;2.326121;48.783266;entrée;;;CACHAN;RUE DES PEUPLIERS;inconnue;inconnue;0;940160000M0189;478452b7-7825-4a1c-b5ef-95de5bb35178;662b5040-7578-4bfc-9aea-e934e5cdf837;e1ce01e3-3ad8-4ae8-b38b-91ad0bc88d58;within;0.0;1.0;000;0M;0189
94016_7135_00001_ter;94016_7135;1;ter;Rue des Peupliers;94230;94016;Cachan;;;650507.53;6853959.66;2.326407;48.783827;entrée;;;CACHAN;RUE DES PEUPLIERS;inconnue;inconnue;0;940160000M0150;6907d92a-67d3-44f7-90c8-9b3a5156451b;662b5040-7578-4bfc-9aea-e934e5cdf837;e1ce01e3-3ad8-4ae8-b38b-91ad0bc88d58;nearest;0.57;0.9;000;0M;0150
94016_7135_00031_bis;94016_7135;31;bis;Rue des Peupliers;94230;94016;Cachan;;;650480.57;6853795.88;2.326059;48.782352;entrée;;;CACHAN;RUE DES PEUPLIERS;inconnue;inconnue;0;940160000M0166;44eeaa8b-67b9-4401-b3bc-2ab353d739ce;662b5040-7578-4bfc-9aea-e934e5cdf837;e1ce01e3-3ad8-4ae8-b38b-91ad0bc88d58;nearest;0.73;0.9;000;0M;0166
94016_3200_00003;94016_3200;3;;Sentier Eugène Brégeard;94230;94016;Cachan;;;651471.62;6853999.55;2.339523;48.784259;entrée;;;CACHAN;SENTIER EUGENE BREGEARD;inconnue;inconnue;0;94016000AH0094;c2f1a964-57e9-4091-b893-e4fad749d63b;528339ae-b051-4b86-ae0d-6be68f7498fd;e1ce01e3-3ad8-4ae8-b38b-91ad0bc88d58;within;0.0;1.0;000;AH;0094
94016_3200_00005;94016_3200;5;;Sentier Eugène Brégeard;94230;94016;Cachan;;;651479.76;6853998.03;2.339634;48.784246;entrée;;;CACHAN;SENTIER EUGENE BREGEARD;inconnue;inconnue;0;94016000AH0452;d0099363-02f2-4516-ac74-8a0b9a226ab2;528339ae-b051-4b86-ae0d-6be68f7498fd;e1ce01e3-3ad8-4ae8-b38b-91ad0bc88d58;within;0.0;1.0;000;AH;0452
94016_3200_00007;94016_3200;7;;Sentier Eugène Brégeard;94230;94016;Cachan;;;651489.5;6853994.84;2.339767;48.784218;entrée;;;CACHAN;SENTIER EUGENE BREGEARD;inconnue;inconnue;0;94016000AH0483;d2bb1e96-c616-47ed-95c8-71dad563743a;528339ae-b051-4b86-ae0d-6be68f7498fd;e1ce01e3-3ad8-4ae8-b38b-91ad0bc88d58;within;0.0;1.0;000;AH;0483
94016_3200_00009;94016_3200;9;;Sentier Eugène Brégeard;94230;94016;Cachan;;;651502.69;6853990.17;2.339947;48.784177;entrée;;;CACHAN;SENTIER EUGENE BREGEARD;inconnue;inconnue;0;94016000AH0457;c7a2ab9e-ba5f-4be5-a2b6-8fb761acd4c1;528339ae-b051-4b86-ae0d-6be68f7498fd;e1ce01e3-3ad8-4ae8-b38b-91ad0bc88d58;within;0.0;1.0;000;AH;0457
94016_3200_00011;94016_3200;11;;Sentier Eugène Brégeard;94230;94016;Cachan;;;651518.14;6853982.92;2.340158;48.784113;entrée;;;CACHAN;SENTIER EUGENE BREGEARD;inconnue;inconnue;0;94016000AH0458;7c3aae5b-1007-47ac-9089-f759224a7320;528339ae-b051-4b86-ae0d-6be68f7498fd;e1ce01e3-3ad8-4ae8-b38b-91ad0bc88d58;within;0.0;1.0;000;AH;0458
94016_3200_00005_bis;94016_3200;5;bis;Sentier Eugène Brégeard;94230;94016;Cachan;;;651488.68;6854027.98;2.339752;48.784516;entrée;;;CACHAN;SENTIER EUGENE BREGEARD;inconnue;inconnue;0;94016000AH0439;a29bc014-7352-4310-860a-8fd9d7b4537d;528339ae-b051-4b86-ae0d-6be68f7498fd;e1ce01e3-3ad8-4ae8-b38b-91ad0bc88d58;within;0.0;1.0;000;AH;0439
94016_3200_00005_ter;94016_3200;5;ter;Sentier Eugène Brégeard;94230;94016;Cachan;;;651492.41;6854043.18;2.339801;48.784653;entrée;;;CACHAN;SENTIER EUGENE BREGEARD;inconnue;inconnue;0;94016000AH0439;914d1ab0-ba55-4ebd-a720-30b30643727c;528339ae-b051-4b86-ae0d-6be68f7498fd;e1ce01e3-3ad8-4ae8-b38b-91ad0bc88d58;within;0.0;1.0;000;AH;0439
94016_4410_00003;94016_4410;3;;Allée des Hautes Bruyères;94230;94016;Cachan;;;651539.47;6854460.65;2.340394;48.788411;entrée;;;CACHAN;ALLEE DES HAUTES BRUYERES;inconnue;inconnue;0;94016000AD0109;64668e95-052b-4938-a8c5-70a76eb35e5a;4b243577-fcca-464a-8300-ba35f9ec20f4;e1ce01e3-3ad8-4ae8-b38b-91ad0bc88d58;nearest;0.07;0.9;000;AD;0109
94016_4410_00004;94016_4410;4;;Allée des Hautes Bruyères;94230;94016;Cachan;;;651534.59;6854457.8;2.340328;48.788385;entrée;;;CACHAN;ALLEE DES HAUTES BRUYERES;inconnue;inconnue;0;94016000AD0106;b6c7c8bd-5222-4e71-8cfc-dd05843fe3e6;4b243577-fcca-464a-8300-ba35f9ec20f4;e1ce01e3-3ad8-4ae8-b38b-91ad0bc88d58;nearest;0.06;0.9;000;AD;0106
94016_4410_00006;94016_4410;6;;Allée des Hautes Bruyères;94230;94016;Cachan;;;651544.92;6854454.15;2.340469;48.788353;entrée;;;CACHAN;ALLEE DES HAUTES BRUYERES;inconnue;inconnue;0;94016000AD0102;5193206a-f718-409b-b53b-e67343c1f666;4b243577-fcca-464a-8300-ba35f9ec20f4;e1ce01e3-3ad8-4ae8-b38b-91ad0bc88d58;within;0.0;1.0;000;AD;0102
94016_4410_00007;94016_4410;7;;Allée des Hautes Bruyères;94230;94016;Cachan;;;651558.97;6854456.04;2.34066;48.788371;entrée;;;CACHAN;ALLEE DES HAUTES BRUYERES;inconnue;inconnue;0;94016000AD0110;03b28019-09aa-4f4a-aef0-2584a42c1ed9;4b243577-fcca-464a-8300-ba35f9ec20f4;e1ce01e3-3ad8-4ae8-b38b-91ad0bc88d58;nearest;0.0;1.0;000;AD;0110
94016_4410_00008;94016_4410;8;;Allée des Hautes Bruyères;94230;94016;Cachan;;;651554.09;6854451.85;2.340594;48.788333;entrée;;;CACHAN;ALLEE DES HAUTES BRUYERES;inconnue;inconnue;0;94016000AD0101;6739cc9d-b1cc-4236-b196-2d57d0a79974;4b243577-fcca-464a-8300-ba35f9ec20f4;e1ce01e3-3ad8-4ae8-b38b-91ad0bc88d58;within;0.0;1.0;000;AD;0101
94016_4410_00009;94016_4410;9;;Allée des Hautes Bruyères;94230;94016;Cachan;;;651574.44;6854452.46;2.340871;48.78834;entrée;;;CACHAN;ALLEE DES HAUTES BRUYERES;inconnue;inconnue;0;94016000AD0111;acb2f26e-fa06-4f67-b035-2a17dfd7aed3;4b243577-fcca-464a-8300-ba35f9ec20f4;e1ce01e3-3ad8-4ae8-b38b-91ad0bc88d58;within;0.0;1.0;000;AD;0111
94016_4410_00010;94016_4410;10;;Allée des Hautes Bruyères;94230;94016;Cachan;;;651561.57;6854450.12;2.340696;48.788318;entrée;;;CACHAN;ALLEE DES HAUTES BRUYERES;inconnue;inconnue;0;94016000AD0100;8c45b0f2-e303-4458-a71f-d7939984ae6c;4b243577-fcca-464a-8300-ba35f9ec20f4;e1ce01e3-3ad8-4ae8-b38b-91ad0bc88d58;within;0.0;1.0;000;AD;0100
94016_4410_00012;94016_4410;12;;Allée des Hautes Bruyères;94230;94016;Cachan;;;651570.37;6854448.05;2.340816;48.7883;entrée;;;CACHAN;ALLEE DES HAUTES BRUYERES;inconnue;inconnue;0;94016000AD0099;5a6d279b-e44c-4a2f-b882-206f21f6bc6c;4b243577-fcca-464a-8300-ba35f9ec20f4;e1ce01e3-3ad8-4ae8-b38b-91ad0bc88d58;within;0.0;1.0;000;AD;0099
94016_4410_00013;94016_4410;13;;Allée des Hautes Bruyères;94230;94016;Cachan;;;651597.69;6854446.6;2.341188;48.788289;entrée;;;CACHAN;ALLEE DES HAUTES BRUYERES;inconnue;inconnue;0;94016000AD0112;0ac04326-1cc4-49c8-9aca-1783e1028af2;4b243577-fcca-464a-8300-ba35f9ec20f4;e1ce01e3-3ad8-4ae8-b38b-91ad0bc88d58;nearest;0.17;0.9;000;AD;0112
94016_4410_00014;94016_4410;14;;Allée des Hautes Bruyères;94230;94016;Cachan;;;651575.5;6854446.78;2.340886;48.788289;entrée;;;CACHAN;ALLEE DES HAUTES BRUYERES;inconnue;inconnue;0;94016000AD0098;1ff0bb49-c0c7-4361-9f23-8c297a357adc;4b243577-fcca-464a-8300-ba35f9ec20f4;e1ce01e3-3ad8-4ae8-b38b-91ad0bc88d58;within;0.0;1.0;000;AD;0098
94016_4410_00016;94016_4410;16;;Allée des Hautes Bruyères;94230;94016;Cachan;;;651583.42;6854444.83;2.340994;48.788272;entrée;;;CACHAN;ALLEE DES HAUTES BRUYERES;inconnue;inconnue;0;94016000AD0097;324f2d0d-5a26-4505-9ba0-8b8f0f6ef23f;4b243577-fcca-464a-8300-ba35f9ec20f4;e1ce01e3-3ad8-4ae8-b38b-91ad0bc88d58;within;0.0;1.0;000;AD;0097
94016_4410_00018;94016_4410;18;;Allée des Hautes Bruyères;94230;94016;Cachan;;;651594.71;6854442.06;2.341148;48.788248;entrée;;;CACHAN;ALLEE DES HAUTES BRUYERES;inconnue;inconnue;0;94016000AD0333;af2c7781-f0f1-4bdc-8f2e-49a4a34e568a;4b243577-fcca-464a-8300-ba35f9ec20f4;e1ce01e3-3ad8-4ae8-b38b-91ad0bc88d58;within;0.0;1.0;000;AD;0333
94016_4410_00019;94016_4410;19;;Allée des Hautes Bruyères;94230;94016;Cachan;;;651638.38;6854437.03;2.341743;48.788206;entrée;;;CACHAN;ALLEE DES HAUTES BRUYERES;inconnue;inconnue;0;94016000AD0230;6926087b-75d6-45fa-8c2b-3411a28aa6e5;4b243577-fcca-464a-8300-ba35f9ec20f4;e1ce01e3-3ad8-4ae8-b38b-91ad0bc88d58;within;0.0;1.0;000;AD;0230
94016_4410_00020;94016_4410;20;;Allée des Hautes Bruyères;94230;94016;Cachan;;;651605.71;6854439.41;2.341298;48.788225;entrée;;;CACHAN;ALLEE DES HAUTES BRUYERES;inconnue;inconnue;0;94016000AD0095;3f1deea2-017d-4b2a-a6c1-74f661e60bf0;4b243577-fcca-464a-8300-ba35f9ec20f4;e1ce01e3-3ad8-4ae8-b38b-91ad0bc88d58;within;0.0;1.0;000;AD;0095
94016_4410_00021;94016_4410;21;;Allée des Hautes Bruyères;94230;94016;Cachan;;;651651.29;6854433.92;2.341919;48.788179;entrée;;;CACHAN;ALLEE DES HAUTES BRUYERES;inconnue;inconnue;0;94016000AD0231;382ecaa3-bc7b-4a10-b260-039475ed4b27;4b243577-fcca-464a-8300-ba35f9ec20f4;e1ce01e3-3ad8-4ae8-b38b-91ad0bc88d58;within;0.0;1.0;000;AD;0231
94016_4410_00022;94016_4410;22;;Allée des Hautes Bruyères;94230;94016;Cachan;;;651614.58;6854437.34;2.341419;48.788207;entrée;;;CACHAN;ALLEE DES HAUTES BRUYERES;inconnue;inconnue;0;94016000AD0169;95e9bdda-765d-48fb-acc5-0fc6f9422233;4b243577-fcca-464a-8300-ba35f9ec20f4;e1ce01e3-3ad8-4ae8-b38b-91ad0bc88d58;within;0.0;1.0;000;AD;0169
94016_4410_00023;94016_4410;23;;Allée des Hautes Bruyères;94230;94016;Cachan;;;651663.54;6854431.04;2.342086;48.788154;entrée;;;CACHAN;ALLEE DES HAUTES BRUYERES;inconnue;inconnue;0;94016000AD0116;fabbc765-1c9d-48de-a6c8-8b00ef274e0e;4b243577-fcca-464a-8300-ba35f9ec20f4;e1ce01e3-3ad8-4ae8-b38b-91ad0bc88d58;within;0.0;1.0;000;AD;0116
94016_4410_00026;94016_4410;26;;Allée des Hautes Bruyères;94230;94016;Cachan;;;651695.6;6854416.98;2.342524;48.78803;segment;;;CACHAN;ALLEE DES HAUTES BRUYERES;inconnue;inconnue;0;94016000AD0094;15accb14-9909-4618-9f95-ecd12de2b928;4b243577-fcca-464a-8300-ba35f9ec20f4;e1ce01e3-3ad8-4ae8-b38b-91ad0bc88d58;within;0.0;1.0;000;AD;0094
94016_4410_00012_bis;94016_4410;12;bis;Allée des Hautes Bruyères;94230;94016;Cachan;;;651593.16;6854440.74;2.341127;48.788236;segment;;;CACHAN;ALLEE DES HAUTES BRUYERES;inconnue;inconnue;0;94016000AD0333;007dfa8b-b9b0-4a6b-bc09-81899d0ac49f;4b243577-fcca-464a-8300-ba35f9ec20f4;e1ce01e3-3ad8-4ae8-b38b-91ad0bc88d58;within;0.0;1.0;000;AD;0333
94016_1437_00001;94016_1437;1;;Place Chateaubriand;94230;94016;Cachan;;;650401.21;6854759.37;2.324867;48.791011;entrée;;;CACHAN;PLACE CHATEAUBRIAND;inconnue;inconnue;0;940160000I0123;ca762695-de40-4304-95f2-7f0b19c7ed14;ade355c9-2ea7-4e35-8def-34354531ce71;e1ce01e3-3ad8-4ae8-b38b-91ad0bc88d58;nearest;0.14;0.9;000;0I;0123
94016_1437_00002;94016_1437;2;;Place Chateaubriand;94230;94016;Cachan;;;650393.48;6854782.23;2.324759;48.791216;entrée;;;CACHAN;PLACE CHATEAUBRIAND;inconnue;inconnue;0;940160000G0025;6b5c9b3c-c841-4694-9d91-1143da624948;ade355c9-2ea7-4e35-8def-34354531ce71;e1ce01e3-3ad8-4ae8-b38b-91ad0bc88d58;nearest;0.82;0.9;000;0G;0025
94016_1437_00003;94016_1437;3;;Place Chateaubriand;94230;94016;Cachan;;;650393.6;6854745.42;2.324765;48.790885;entrée;;;CACHAN;PLACE CHATEAUBRIAND;inconnue;inconnue;0;940160000I0122;6f3bbada-9239-44cd-a68c-16dc49969b0e;ade355c9-2ea7-4e35-8def-34354531ce71;e1ce01e3-3ad8-4ae8-b38b-91ad0bc88d58;nearest;0.09;0.9;000;0I;0122
94016_1437_00004;94016_1437;4;;Place Chateaubriand;94230;94016;Cachan;;;650372.52;6854789.19;2.324473;48.791277;segment;;;CACHAN;PLACE CHATEAUBRIAND;inconnue;inconnue;0;940160000G0024;76852ae6-723d-4259-a01a-961875f62242;ade355c9-2ea7-4e35-8def-34354531ce71;e1ce01e3-3ad8-4ae8-b38b-91ad0bc88d58;nearest;5.15;0.75;000;0G;0024
94016_1437_00005;94016_1437;5;;Place Chateaubriand;94230;94016;Cachan;;;650370.78;6854739.5;2.324455;48.79083;entrée;;;CACHAN;PLACE CHATEAUBRIAND;inconnue;inconnue;0;940160000I0100;3de2f677-6650-4f2b-bd82-193482c95bfc;ade355c9-2ea7-4e35-8def-34354531ce71;e1ce01e3-3ad8-4ae8-b38b-91ad0bc88d58;nearest;1.19;0.9;000;0I;0100
94016_1437_00007;94016_1437;7;;Place Chateaubriand;94230;94016;Cachan;;;650356.07;6854746.41;2.324254;48.790891;entrée;;;CACHAN;PLACE CHATEAUBRIAND;inconnue;inconnue;0;940160000I0099;5c5d5442-cac3-401e-a9ff-4f4415fd4814;ade355c9-2ea7-4e35-8def-34354531ce71;e1ce01e3-3ad8-4ae8-b38b-91ad0bc88d58;nearest;0.12;0.9;000;0I;0099
94016_1437_00008;94016_1437;8;;Place Chateaubriand;94230;94016;Cachan;;;650351.98;6854767.35;2.324196;48.791079;entrée;;;CACHAN;PLACE CHATEAUBRIAND;inconnue;inconnue;0;940160000I0097;8efe073c-4fae-422a-a331-f3640b63bc32;ade355c9-2ea7-4e35-8def-34354531ce71;e1ce01e3-3ad8-4ae8-b38b-91ad0bc88d58;nearest;3.8;0.9;000;0I;0097
94016_2570_00005;94016_2570;5;;Rue du Docteur Hénouille;94230;94016;Cachan;;;651273.57;6855204.09;2.33669;48.795077;entrée;;;CACHAN;RUE DU DOCTEUR HENOUILLE;inconnue;inconnue;0;940160000Y0465;cfd91baf-d268-4b92-aedc-b2844d7c7490;2e273c0d-77f8-4381-9c10-71438468bc5b;e1ce01e3-3ad8-4ae8-b38b-91ad0bc88d58;within;0.0;1.0;000;0Y;0465
94016_2570_00007;94016_2570;7;;Rue du Docteur Hénouille;94230;94016;Cachan;;;651253.31;6855205.7;2.336414;48.79509;segment;;;CACHAN;RUE DU DOCTEUR HENOUILLE;inconnue;inconnue;0;940160000Y0486;c8c7fefc-1720-476a-a4a6-578368065ccb;2e273c0d-77f8-4381-9c10-71438468bc5b;e1ce01e3-3ad8-4ae8-b38b-91ad0bc88d58;within;0.0;1.0;000;0Y;0486
94016_2570_00009;94016_2570;9;;Rue du Docteur Hénouille;94230;94016;Cachan;;;651259.93;6855242.45;2.3365;48.795421;entrée;;;CACHAN;RUE DU DOCTEUR HENOUILLE;inconnue;inconnue;0;940160000R0174;619d1074-ecb6-4c10-80a1-1d50c138f5e8;2e273c0d-77f8-4381-9c10-71438468bc5b;e1ce01e3-3ad8-4ae8-b38b-91ad0bc88d58;nearest;1.74;0.9;000;0R;0174
94016_2570_00011;94016_2570;11;;Rue du Docteur Hénouille;94230;94016;Cachan;;;651257.4;6855229.13;2.336467;48.795301;entrée;;;CACHAN;RUE DU DOCTEUR HENOUILLE;inconnue;inconnue;0;940160000R0183;7d8045ad-38b1-49da-9d71-d545317b7853;2e273c0d-77f8-4381-9c10-71438468bc5b;e1ce01e3-3ad8-4ae8-b38b-91ad0bc88d58;nearest;0.73;0.9;000;0R;0183
94016_2570_00013;94016_2570;13;;Rue du Docteur Hénouille;94230;94016;Cachan;;;651265.81;6855268.42;2.336577;48.795655;entrée;;;CACHAN;RUE DU DOCTEUR HENOUILLE;inconnue;inconnue;0;940160000R0184;9b108962-e101-4958-a4ac-401f354a7114;2e273c0d-77f8-4381-9c10-71438468bc5b;e1ce01e3-3ad8-4ae8-b38b-91ad0bc88d58;nearest;3.47;0.9;000;0R;0184
94016_2570_00015;94016_2570;15;;Rue du Docteur Hénouille;94230;94016;Cachan;;;651271.89;6855301.95;2.336656;48.795957;entrée;;;CACHAN;RUE DU DOCTEUR HENOUILLE;inconnue;inconnue;0;940160000R0184;b7c72592-e567-44f4-8d24-e82ef2fd4152;2e273c0d-77f8-4381-9c10-71438468bc5b;e1ce01e3-3ad8-4ae8-b38b-91ad0bc88d58;nearest;1.68;0.9;000;0R;0184
94016_2570_00017;94016_2570;17;;Rue du Docteur Hénouille;94230;94016;Cachan;;;651288.11;6855360.86;2.33687;48.796488;entrée;;;CACHAN;RUE DU DOCTEUR HENOUILLE;inconnue;inconnue;0;940160000T0023;ef4ba8a5-63cf-4ae6-8984-054d7d1ce416;2e273c0d-77f8-4381-9c10-71438468bc5b;e1ce01e3-3ad8-4ae8-b38b-91ad0bc88d58;nearest;1.69;0.9;000;0T;0023
94016_2570_00018;94016_2570;18;;Rue du Docteur Hénouille;94230;94016;Cachan;;;651306.86;6855240.94;2.337139;48.795411;entrée;;;CACHAN;RUE DU DOCTEUR HENOUILLE;inconnue;inconnue;0;940160000Y0508;274209f2-9e5f-42ec-bb0a-6ff0cc44f226;2e273c0d-77f8-4381-9c10-71438468bc5b;e1ce01e3-3ad8-4ae8-b38b-91ad0bc88d58;within;0.0;1.0;000;0Y;0508
94016_2570_00019;94016_2570;19;;Rue du Docteur Hénouille;94230;94016;Cachan;;;651292.17;6855380.95;2.336923;48.796669;segment;;;CACHAN;RUE DU DOCTEUR HENOUILLE;inconnue;inconnue;0;940160000T0025;68afc5bb-e747-4bc4-8214-7c14a3a24085;2e273c0d-77f8-4381-9c10-71438468bc5b;e1ce01e3-3ad8-4ae8-b38b-91ad0bc88d58;nearest;0.83;0.9;000;0T;0025
94016_2570_00020;94016_2570;20;;Rue du Docteur Hénouille;94230;94016;Cachan;;;651295.68;6855247.27;2.336986;48.795467;entrée;;;CACHAN;RUE DU DOCTEUR HENOUILLE;inconnue;inconnue;0;940160000Y0508;b2cd50c3-31f5-4cd7-b062-773302b58b37;2e273c0d-77f8-4381-9c10-71438468bc5b;e1ce01e3-3ad8-4ae8-b38b-91ad0bc88d58;within;0.0;1.0;000;0Y;0508
94016_2570_00022;94016_2570;22;;Rue du Docteur Hénouille;94230;94016;Cachan;;;651277.11;6855266.32;2.336731;48.795637;entrée;;;CACHAN;RUE DU DOCTEUR HENOUILLE;inconnue;inconnue;0;940160000Y0144;10c92dd6-eb77-4a72-aa5a-cca410d36674;2e273c0d-77f8-4381-9c10-71438468bc5b;e1ce01e3-3ad8-4ae8-b38b-91ad0bc88d58;nearest;0.33;0.9;000;0Y;0144
94016_2570_00024;94016_2570;24;;Rue du Docteur Hénouille;94230;94016;Cachan;;;651279.02;6855276.2;2.336756;48.795726;entrée;;;CACHAN;RUE DU DOCTEUR HENOUILLE;inconnue;inconnue;0;940160000Y0524;0f409f67-ab89-4994-82a9-14a6b297be4e;2e273c0d-77f8-4381-9c10-71438468bc5b;e1ce01e3-3ad8-4ae8-b38b-91ad0bc88d58;nearest;0.65;0.9;000;0Y;0524
94016_2570_00026;94016_2570;26;;Rue du Docteur Hénouille;94230;94016;Cachan;;;651282.38;6855290.74;2.3368;48.795857;entrée;;;CACHAN;RUE DU DOCTEUR HENOUILLE;inconnue;inconnue;0;940160000Y0146;e7df6676-2539-4429-9b9e-49c1258150b2;2e273c0d-77f8-4381-9c10-71438468bc5b;e1ce01e3-3ad8-4ae8-b38b-91ad0bc88d58;nearest;0.36;0.9;000;0Y;0146
94016_2570_00026_ter;94016_2570;26;ter;Rue du Docteur Hénouille;94230;94016;Cachan;;;651285;6855304.95;2.336834;48.795985;entrée;;;CACHAN;RUE DU DOCTEUR HENOUILLE;inconnue;inconnue;0;940160000Y0146;4cea37dc-8367-4358-9be5-36803ff0e64b;2e273c0d-77f8-4381-9c10-71438468bc5b;e1ce01e3-3ad8-4ae8-b38b-91ad0bc88d58;nearest;1.02;0.9;000;0Y;0146
94016_2570_00026_bis;94016_2570;26;bis;Rue du Docteur Hénouille;94230;94016;Cachan;;;651282.53;6855299.53;2.336801;48.795936;entrée;;;CACHAN;RUE DU DOCTEUR HENOUILLE;inconnue;inconnue;0;940160000Y0146;5f24430f-b13b-449d-be15-089bdb2cdd31;2e273c0d-77f8-4381-9c10-71438468bc5b;e1ce01e3-3ad8-4ae8-b38b-91ad0bc88d58;nearest;2.91;0.9;000;0Y;0146
94016_2570_00019_bis;94016_2570;19;bis;Rue du Docteur Hénouille;94230;94016;Cachan;;;651293.16;6855385.17;2.336936;48.796707;segment;;;CACHAN;RUE DU DOCTEUR HENOUILLE;inconnue;inconnue;0;940160000T0025;ec1b5f07-1b63-4534-b48a-f923a09ab298;2e273c0d-77f8-4381-9c10-71438468bc5b;e1ce01e3-3ad8-4ae8-b38b-91ad0bc88d58;nearest;3.48;0.9;000;0T;0025
94016_6700_00001;94016_6700;1;;Villa de la Paix;94230;94016;Cachan;;;650464.82;6855781.36;2.325614;48.800207;entrée;;;CACHAN;VILLA DE LA PAIX;inconnue;inconnue;0;940160000A0091;fe4fd050-5cc9-4f06-9203-a3c14406263f;d05a9655-750e-481e-8ee2-46eca201f08a;e1ce01e3-3ad8-4ae8-b38b-91ad0bc88d58;within;0.0;1.0;000;0A;0091
94016_6700_00002;94016_6700;2;;Villa de la Paix;94230;94016;Cachan;;;650467.33;6855781.89;2.325648;48.800212;entrée;;;CACHAN;VILLA DE LA PAIX;inconnue;inconnue;0;940160000A0100;19a1883f-f10e-493b-b3b6-84c358316904;d05a9655-750e-481e-8ee2-46eca201f08a;e1ce01e3-3ad8-4ae8-b38b-91ad0bc88d58;within;0.0;1.0;000;0A;0100
94016_6700_00003;94016_6700;3;;Villa de la Paix;94230;94016;Cachan;;;650461.01;6855773.94;2.325563;48.80014;entrée;;;CACHAN;VILLA DE LA PAIX;inconnue;inconnue;0;940160000A0092;cebd082d-aaaf-48c8-8e8d-4fc1c776a3b8;d05a9655-750e-481e-8ee2-46eca201f08a;e1ce01e3-3ad8-4ae8-b38b-91ad0bc88d58;within;0.0;1.0;000;0A;0092
94016_6700_00004;94016_6700;4;;Villa de la Paix;94230;94016;Cachan;;;650464.61;6855773.69;2.325612;48.800138;entrée;;;CACHAN;VILLA DE LA PAIX;inconnue;inconnue;0;940160000A0099;6c2cc034-cadc-4f40-a2ce-538adc058209;d05a9655-750e-481e-8ee2-46eca201f08a;e1ce01e3-3ad8-4ae8-b38b-91ad0bc88d58;within;0.0;1.0;000;0A;0099
94016_6700_00005;94016_6700;5;;Villa de la Paix;94230;94016;Cachan;;;650457.8;6855767.18;2.32552;48.800079;entrée;;;CACHAN;VILLA DE LA PAIX;inconnue;inconnue;0;940160000A0093;16ae37eb-6053-481a-9599-be0e26cfd6f6;d05a9655-750e-481e-8ee2-46eca201f08a;e1ce01e3-3ad8-4ae8-b38b-91ad0bc88d58;within;0.0;1.0;000;0A;0093
94016_6700_00006;94016_6700;6;;Villa de la Paix;94230;94016;Cachan;;;650461.76;6855767.15;2.325574;48.800079;entrée;;;CACHAN;VILLA DE LA PAIX;inconnue;inconnue;0;940160000A0098;0f9e9ad5-b6d4-4820-9d1e-6a5a907a1269;d05a9655-750e-481e-8ee2-46eca201f08a;e1ce01e3-3ad8-4ae8-b38b-91ad0bc88d58;within;0.0;1.0;000;0A;0098
94016_6700_00007;94016_6700;7;;Villa de la Paix;94230;94016;Cachan;;;650454.08;6855761.43;2.32547;48.800027;entrée;;;CACHAN;VILLA DE LA PAIX;inconnue;inconnue;0;940160000A0094;724c4585-9d67-46d5-ad5e-1e2925284ece;d05a9655-750e-481e-8ee2-46eca201f08a;e1ce01e3-3ad8-4ae8-b38b-91ad0bc88d58;within;0.0;1.0;000;0A;0094
94016_6700_00008;94016_6700;8;;Villa de la Paix;94230;94016;Cachan;;;650459.22;6855762.06;2.32554;48.800033;entrée;;;CACHAN;VILLA DE LA PAIX;inconnue;inconnue;0;940160000A0097;31331923-f9a1-4270-ad53-81ba3e371a53;d05a9655-750e-481e-8ee2-46eca201f08a;e1ce01e3-3ad8-4ae8-b38b-91ad0bc88d58;within;0.0;1.0;000;0A;0097
94016_6700_00009;94016_6700;9;;Villa de la Paix;94230;94016;Cachan;;;650453.31;6855758.22;2.32546;48.799998;entrée;;;CACHAN;VILLA DE LA PAIX;inconnue;inconnue;0;940160000A0095;58b51cbf-4fa2-49a8-aa53-c2d6be16edbc;d05a9655-750e-481e-8ee2-46eca201f08a;e1ce01e3-3ad8-4ae8-b38b-91ad0bc88d58;within;0.0;1.0;000;0A;0095
94016_6700_00010;94016_6700;10;;Villa de la Paix;94230;94016;Cachan;;;650456.09;6855756.52;2.325498;48.799983;entrée;;;CACHAN;VILLA DE LA PAIX;inconnue;inconnue;0;940160000A0096;a719f532-d311-45c1-9105-7aacdb753643;d05a9655-750e-481e-8ee2-46eca201f08a;e1ce01e3-3ad8-4ae8-b38b-91ad0bc88d58;within;0.0;1.0;000;0A;0096
94016_4440_00006;94016_4440;6;;Sentier Henri Dupuis;94230;94016;Cachan;;;651066.98;6854105.47;2.334004;48.785181;entrée;;;CACHAN;SENTIER HENRI DUPUIS;inconnue;inconnue;0;94016000AF0168;b6c03275-5d58-4b68-963a-74d19adc7dfa;192f952c-bb90-4f12-98de-279c66c76c86;e1ce01e3-3ad8-4ae8-b38b-91ad0bc88d58;within;0.0;1.0;000;AF;0168
94016_4440_00007;94016_4440;7;;Sentier Henri Dupuis;94230;94016;Cachan;;;651072.79;6854114.76;2.334082;48.785265;entrée;;;CACHAN;SENTIER HENRI DUPUIS;inconnue;inconnue;0;94016000AF0039;80e3a1a2-08a1-4f8e-bc46-e30c1043e3e9;192f952c-bb90-4f12-98de-279c66c76c86;e1ce01e3-3ad8-4ae8-b38b-91ad0bc88d58;within;0.0;1.0;000;AF;0039
94016_4440_00011;94016_4440;11;;Sentier Henri Dupuis;94230;94016;Cachan;;;651097.68;6854094.64;2.334423;48.785086;entrée;;;CACHAN;SENTIER HENRI DUPUIS;inconnue;inconnue;0;94016000AF0041;4a2d045d-7bc3-4324-ae87-a71230ce83a6;192f952c-bb90-4f12-98de-279c66c76c86;e1ce01e3-3ad8-4ae8-b38b-91ad0bc88d58;within;0.0;1.0;000;AF;0041
94016_4720_00004;94016_4720;4;;Impasse des Jardins;94230;94016;Cachan;;;650371.68;6855480.15;2.324381;48.797491;entrée;;;CACHAN;IMPASSE DES JARDINS;inconnue;inconnue;0;940160000C0129;ca6ea534-ed20-464b-9a4d-3a152018db61;a5dd21ca-a5bd-4758-9c1f-8826882b0194;e1ce01e3-3ad8-4ae8-b38b-91ad0bc88d58;within;0.0;1.0;000;0C;0129
94016_4720_00006;94016_4720;6;;Impasse des Jardins;94230;94016;Cachan;;;650384.79;6855476.15;2.32456;48.797456;entrée;;;CACHAN;IMPASSE DES JARDINS;inconnue;inconnue;0;940160000C0128;09e60a74-5ab6-4fa1-85f2-8d0a2ff5ba2a;a5dd21ca-a5bd-4758-9c1f-8826882b0194;e1ce01e3-3ad8-4ae8-b38b-91ad0bc88d58;within;0.0;1.0;000;0C;0128
94016_4720_00010;94016_4720;10;;Impasse des Jardins;94230;94016;Cachan;;;650419.47;6855468.4;2.325033;48.797389;entrée;;;CACHAN;IMPASSE DES JARDINS;inconnue;inconnue;0;940160000C0125;9103afba-d4a8-4181-8197-b4f1e0edc324;a5dd21ca-a5bd-4758-9c1f-8826882b0194;e1ce01e3-3ad8-4ae8-b38b-91ad0bc88d58;within;0.0;1.0;000;0C;0125
94016_4720_00012;94016_4720;12;;Impasse des Jardins;94230;94016;Cachan;;;650417.91;6855465.75;2.325012;48.797365;entrée;;;CACHAN;IMPASSE DES JARDINS;inconnue;inconnue;0;940160000C0125;c48a6c21-217b-422e-9f69-6feb22b37314;a5dd21ca-a5bd-4758-9c1f-8826882b0194;e1ce01e3-3ad8-4ae8-b38b-91ad0bc88d58;within;0.0;1.0;000;0C;0125
94016_4720_00014;94016_4720;14;;Impasse des Jardins;94230;94016;Cachan;;;650422.22;6855463.38;2.325071;48.797344;entrée;;;CACHAN;IMPASSE DES JARDINS;inconnue;inconnue;0;940160000C0125;e3763482-a7df-4801-af63-a6b9795da00a;a5dd21ca-a5bd-4758-9c1f-8826882b0194;e1ce01e3-3ad8-4ae8-b38b-91ad0bc88d58;nearest;0.73;0.9;000;0C;0125
94016_4720_00006_bis;94016_4720;6;bis;Impasse des Jardins;94230;94016;Cachan;;;650400.69;6855471.01;2.324777;48.797411;entrée;;;CACHAN;IMPASSE DES JARDINS;inconnue;inconnue;0;940160000C0127;da686733-7807-4742-80a6-2de03c93e3bf;a5dd21ca-a5bd-4758-9c1f-8826882b0194;e1ce01e3-3ad8-4ae8-b38b-91ad0bc88d58;within;0.0;1.0;000;0C;0127
94016_3563_00003;94016_3563;3;;Rue François Rude;94230;94016;Cachan;;;650946.32;6854069.57;2.332366;48.784849;parcelle;;;CACHAN;RUE FRANCOIS RUDE;cadastre;inconnue;0;94016000AF0004;1be18181-88f7-4f1f-9171-b69ee4a7b0af;01e46434-a029-443e-8c44-dd4c68439dbe;e1ce01e3-3ad8-4ae8-b38b-91ad0bc88d58;exist;;;000;AF;0004
94016_3563_00011;94016_3563;11;;Rue François Rude;94230;94016;Cachan;;;651031.9;6854344.94;2.333499;48.787332;entrée;;;CACHAN;RUE FRANCOIS RUDE;inconnue;inconnue;0;94016000AF0163;8770cee7-ca76-4ba5-85b5-804b29287a69;01e46434-a029-443e-8c44-dd4c68439dbe;e1ce01e3-3ad8-4ae8-b38b-91ad0bc88d58;within;0.0;1.0;000;AF;0163
94016_3563_00015;94016_3563;15;;Rue François Rude;94230;94016;Cachan;;;651016.12;6854303.93;2.333289;48.786962;entrée;;;CACHAN;RUE FRANCOIS RUDE;inconnue;inconnue;0;94016000AF0163;02af7308-71ac-483b-b44f-5cc67559bc35;01e46434-a029-443e-8c44-dd4c68439dbe;e1ce01e3-3ad8-4ae8-b38b-91ad0bc88d58;within;0.0;1.0;000;AF;0163
94016_3563_00029;94016_3563;29;;Rue François Rude;94230;94016;Cachan;;;650959.71;6854149.74;2.332539;48.785571;segment;;;CACHAN;RUE FRANCOIS RUDE;inconnue;inconnue;0;94016000AF0010;05356f70-4c30-4e6a-802c-359f1120b8ef;01e46434-a029-443e-8c44-dd4c68439dbe;e1ce01e3-3ad8-4ae8-b38b-91ad0bc88d58;nearest;0.67;0.9;000;AF;0010
94016_3563_00031;94016_3563;31;;Rue François Rude;94230;94016;Cachan;;;650955.42;6854137.21;2.332482;48.785458;entrée;;;CACHAN;RUE FRANCOIS RUDE;inconnue;inconnue;0;94016000AF0009;98ccebb3-20d5-47f3-a69e-88e245e2a837;01e46434-a029-443e-8c44-dd4c68439dbe;e1ce01e3-3ad8-4ae8-b38b-91ad0bc88d58;nearest;0.36;0.9;000;AF;0009
94016_3563_00033;94016_3563;33;;Rue François Rude;94230;94016;Cachan;;;650951.29;6854126.79;2.332427;48.785364;entrée;;;CACHAN;RUE FRANCOIS RUDE;inconnue;inconnue;0;94016000AF0008;c8703793-91de-4039-99dd-84dcf1f20082;01e46434-a029-443e-8c44-dd4c68439dbe;e1ce01e3-3ad8-4ae8-b38b-91ad0bc88d58;nearest;0.84;0.9;000;AF;0008
94016_3563_00035;94016_3563;35;;Rue François Rude;94230;94016;Cachan;;;650946.02;6854112.27;2.332357;48.785233;entrée;;;CACHAN;RUE FRANCOIS RUDE;inconnue;inconnue;0;94016000AF0007;a2d69e31-d613-42d4-b425-74fcb99d6738;01e46434-a029-443e-8c44-dd4c68439dbe;e1ce01e3-3ad8-4ae8-b38b-91ad0bc88d58;nearest;0.86;0.9;000;AF;0007
94016_3563_00037;94016_3563;37;;Rue François Rude;94230;94016;Cachan;;;650937.51;6854096.55;2.332243;48.785091;entrée;;;CACHAN;RUE FRANCOIS RUDE;inconnue;inconnue;0;94016000AF0173;40bd0a1f-e941-44c0-8794-992d7956a680;01e46434-a029-443e-8c44-dd4c68439dbe;e1ce01e3-3ad8-4ae8-b38b-91ad0bc88d58;nearest;4.63;0.9;000;AF;0173
94016_3563_00039;94016_3563;39;;Rue François Rude;94230;94016;Cachan;;;650934.92;6854084.68;2.332209;48.784984;entrée;;;CACHAN;RUE FRANCOIS RUDE;inconnue;inconnue;0;94016000AF0172;c77bbe1e-8af3-4b36-8b7c-5330d11dec07;01e46434-a029-443e-8c44-dd4c68439dbe;e1ce01e3-3ad8-4ae8-b38b-91ad0bc88d58;nearest;2.37;0.9;000;AF;0172
94016_3563_00041;94016_3563;41;;Rue François Rude;94230;94016;Cachan;;;650930.9;6854070.48;2.332156;48.784856;entrée;;;CACHAN;RUE FRANCOIS RUDE;inconnue;inconnue;0;94016000AF0004;18ef25eb-2bb5-436e-b43e-0ab59326254c;01e46434-a029-443e-8c44-dd4c68439dbe;e1ce01e3-3ad8-4ae8-b38b-91ad0bc88d58;nearest;0.88;0.9;000;AF;0004
94016_3563_00043;94016_3563;43;;Rue François Rude;94230;94016;Cachan;;;650925.63;6854055.51;2.332086;48.784721;entrée;;;CACHAN;RUE FRANCOIS RUDE;inconnue;inconnue;0;94016000AF0003;893e7ea0-9cc4-4d27-9d1d-ab1dc2eff1e1;01e46434-a029-443e-8c44-dd4c68439dbe;e1ce01e3-3ad8-4ae8-b38b-91ad0bc88d58;nearest;0.7;0.9;000;AF;0003
94016_3563_00045;94016_3563;45;;Rue François Rude;94230;94016;Cachan;;;650920.96;6854042.43;2.332024;48.784603;entrée;;;CACHAN;RUE FRANCOIS RUDE;inconnue;inconnue;0;94016000AF0002;7a722e05-2d2b-4496-9650-8e40b8678753;01e46434-a029-443e-8c44-dd4c68439dbe;e1ce01e3-3ad8-4ae8-b38b-91ad0bc88d58;nearest;0.61;0.9;000;AF;0002
94016_3563_00047;94016_3563;47;;Rue François Rude;94230;94016;Cachan;;;650916.68;6854030.79;2.331967;48.784498;entrée;;;CACHAN;RUE FRANCOIS RUDE;inconnue;inconnue;0;94016000AF0001;1e1e2da9-e2ac-4cbb-9179-e10d2b82971f;01e46434-a029-443e-8c44-dd4c68439dbe;e1ce01e3-3ad8-4ae8-b38b-91ad0bc88d58;nearest;0.71;0.9;000;AF;0001
94016_3563_00049;94016_3563;49;;Rue François Rude;94230;94016;Cachan;;;650913.07;6854021.04;2.331919;48.78441;entrée;;;CACHAN;RUE FRANCOIS RUDE;inconnue;inconnue;0;94016000AF0122;d3fe9fff-5b3e-49d7-bcf3-d4258d1afc33;01e46434-a029-443e-8c44-dd4c68439dbe;e1ce01e3-3ad8-4ae8-b38b-91ad0bc88d58;nearest;0.76;0.9;000;AF;0122
94016_0655_00002;94016_0655;2;;Rue de Berry;94230;94016;Cachan;;;650741.29;6854178.05;2.329563;48.785809;entrée;;;CACHAN;RUE DE BERRY;inconnue;inconnue;0;940160000N0079;8f7ea061-b03c-40f1-b40d-6a0026d02095;9acc6753-dfd5-47f6-a05c-509118b5e22c;e1ce01e3-3ad8-4ae8-b38b-91ad0bc88d58;within;0.0;1.0;000;0N;0079
94016_0655_00004;94016_0655;4;;Rue de Berry;94230;94016;Cachan;;;650741.19;6854166.15;2.329563;48.785702;entrée;;;CACHAN;RUE DE BERRY;inconnue;inconnue;0;940160000N0079;2698a752-e64b-4021-a96b-1892e76103a0;9acc6753-dfd5-47f6-a05c-509118b5e22c;e1ce01e3-3ad8-4ae8-b38b-91ad0bc88d58;within;0.0;1.0;000;0N;0079
94016_0655_00006;94016_0655;6;;Rue de Berry;94230;94016;Cachan;;;650809.47;6854133.88;2.330496;48.785417;entrée;;;CACHAN;RUE DE BERRY;inconnue;inconnue;0;940160000N0076;839f9519-8dc9-46c3-b7ce-122cb1ef3dd5;9acc6753-dfd5-47f6-a05c-509118b5e22c;e1ce01e3-3ad8-4ae8-b38b-91ad0bc88d58;nearest;1.26;0.9;000;0N;0076
94016_0655_00008;94016_0655;8;;Rue de Berry;94230;94016;Cachan;;;650809.49;6854127.55;2.330497;48.78536;entrée;;;CACHAN;RUE DE BERRY;inconnue;inconnue;0;940160000N0076;f9687253-1cfe-4638-b951-fe899e16fafe;9acc6753-dfd5-47f6-a05c-509118b5e22c;e1ce01e3-3ad8-4ae8-b38b-91ad0bc88d58;nearest;1.67;0.9;000;0N;0076
94016_0655_00010;94016_0655;10;;Rue de Berry;94230;94016;Cachan;;;650809.16;6854141.45;2.330491;48.785485;entrée;;;CACHAN;RUE DE BERRY;inconnue;inconnue;0;940160000N0076;72ee5ae5-d506-4f59-b0d8-7316063b007e;9acc6753-dfd5-47f6-a05c-509118b5e22c;e1ce01e3-3ad8-4ae8-b38b-91ad0bc88d58;nearest;1.19;0.9;000;0N;0076
94016_0655_00012;94016_0655;12;;Rue de Berry;94230;94016;Cachan;;;650808.47;6854155.24;2.33048;48.785609;entrée;;;CACHAN;RUE DE BERRY;inconnue;inconnue;0;940160000N0076;7854ebb1-7fc1-4815-a0e8-94a32f1dcf36;9acc6753-dfd5-47f6-a05c-509118b5e22c;e1ce01e3-3ad8-4ae8-b38b-91ad0bc88d58;nearest;1.27;0.9;000;0N;0076
94016_0655_00014;94016_0655;14;;Rue de Berry;94230;94016;Cachan;;;650745.91;6854099.18;2.329635;48.7851;entrée;;;CACHAN;RUE DE BERRY;inconnue;inconnue;0;940160000N0079;8123fe58-1e40-449b-aafb-91308892193d;9acc6753-dfd5-47f6-a05c-509118b5e22c;e1ce01e3-3ad8-4ae8-b38b-91ad0bc88d58;within;0.0;1.0;000;0N;0079
94016_0655_00016;94016_0655;16;;Rue de Berry;94230;94016;Cachan;;;650746.67;6854075.82;2.329648;48.78489;entrée;;;CACHAN;RUE DE BERRY;inconnue;inconnue;0;940160000N0079;6519760b-dbb1-4be3-9b56-7c0cf365a764;9acc6753-dfd5-47f6-a05c-509118b5e22c;e1ce01e3-3ad8-4ae8-b38b-91ad0bc88d58;within;0.0;1.0;000;0N;0079
94016_3140_00001;94016_3140;1;;Rue Emile Zola;94230;94016;Cachan;;;651637.09;6855462.68;2.341609;48.79743;entrée;;;CACHAN;RUE EMILE ZOLA;inconnue;inconnue;0;940160000U0233;1e973875-f26f-4c2a-9b26-42bf1abdd528;d8392acb-96d3-4ff6-8e16-83341f013fb7;e1ce01e3-3ad8-4ae8-b38b-91ad0bc88d58;nearest;0.04;0.9;000;0U;0233
94016_3140_00003;94016_3140;3;;Rue Emile Zola;94230;94016;Cachan;;;651649.91;6855458.01;2.341784;48.797389;entrée;;;CACHAN;RUE EMILE ZOLA;inconnue;inconnue;0;940160000U0201;075dc400-79ce-4f67-97aa-4e9fa4370456;d8392acb-96d3-4ff6-8e16-83341f013fb7;e1ce01e3-3ad8-4ae8-b38b-91ad0bc88d58;nearest;0.08;0.9;000;0U;0201
94016_3140_00004;94016_3140;4;;Rue Emile Zola;94230;94016;Cachan;;;651613;6855480.67;2.341279;48.79759;entrée;;;CACHAN;RUE EMILE ZOLA;inconnue;inconnue;0;940160000U0179;c4b48931-544b-438a-b4ea-143d9b398143;d8392acb-96d3-4ff6-8e16-83341f013fb7;e1ce01e3-3ad8-4ae8-b38b-91ad0bc88d58;nearest;1.33;0.9;000;0U;0179
94016_3140_00005;94016_3140;5;;Rue Emile Zola;94230;94016;Cachan;;;651655.91;6855455.74;2.341866;48.797369;entrée;;;CACHAN;RUE EMILE ZOLA;inconnue;inconnue;0;940160000U0371;79c15488-5d74-4f9e-bb2c-bee9781b02c8;d8392acb-96d3-4ff6-8e16-83341f013fb7;e1ce01e3-3ad8-4ae8-b38b-91ad0bc88d58;within;0.0;1.0;000;0U;0371
94016_3140_00006;94016_3140;6;;Rue Emile Zola;94230;94016;Cachan;;;651627.8;6855475.55;2.341481;48.797545;entrée;;;CACHAN;RUE EMILE ZOLA;inconnue;inconnue;0;940160000U0175;acedc2d4-c5be-4c87-a3c1-4092bcdfea94;d8392acb-96d3-4ff6-8e16-83341f013fb7;e1ce01e3-3ad8-4ae8-b38b-91ad0bc88d58;nearest;1.06;0.9;000;0U;0175
94016_3140_00008;94016_3140;8;;Rue Emile Zola;94230;94016;Cachan;;;651631.67;6855473.73;2.341534;48.797529;entrée;;;CACHAN;RUE EMILE ZOLA;inconnue;inconnue;0;940160000U0175;34c900f1-ba3f-4c58-b6f4-a937fcbd3b63;d8392acb-96d3-4ff6-8e16-83341f013fb7;e1ce01e3-3ad8-4ae8-b38b-91ad0bc88d58;nearest;1.44;0.9;000;0U;0175
94016_3140_00009;94016_3140;9;;Rue Emile Zola;94230;94016;Cachan;;;651679.2;6855447.65;2.342184;48.797298;entrée;;;CACHAN;RUE EMILE ZOLA;inconnue;inconnue;0;940160000U0362;523dd570-567c-45b6-b489-6405ef922255;d8392acb-96d3-4ff6-8e16-83341f013fb7;e1ce01e3-3ad8-4ae8-b38b-91ad0bc88d58;nearest;0.4;0.9;000;0U;0362
94016_3140_00010;94016_3140;10;;Rue Emile Zola;94230;94016;Cachan;;;651644.93;6855468.95;2.341715;48.797487;entrée;;;CACHAN;RUE EMILE ZOLA;inconnue;inconnue;0;940160000U0173;e961ba4e-a5ce-434a-b14e-ad825b9b4e1d;d8392acb-96d3-4ff6-8e16-83341f013fb7;e1ce01e3-3ad8-4ae8-b38b-91ad0bc88d58;nearest;1.38;0.9;000;0U;0173
94016_3140_00011;94016_3140;11;;Rue Emile Zola;94230;94016;Cachan;;;651669.83;6855460.18;2.342055;48.79741;segment;;;CACHAN;RUE EMILE ZOLA;inconnue;inconnue;0;940160000U0167;fed64732-065e-48d0-a980-637025e4c428;d8392acb-96d3-4ff6-8e16-83341f013fb7;e1ce01e3-3ad8-4ae8-b38b-91ad0bc88d58;nearest;1.09;0.9;000;0U;0167
94016_3140_00012;94016_3140;12;;Rue Emile Zola;94230;94016;Cachan;;;651655.7;6855464.97;2.341862;48.797452;entrée;;;CACHAN;RUE EMILE ZOLA;inconnue;inconnue;0;940160000U0171;cae15708-1c32-4db3-b0d0-058e16248b43;d8392acb-96d3-4ff6-8e16-83341f013fb7;e1ce01e3-3ad8-4ae8-b38b-91ad0bc88d58;nearest;1.44;0.9;000;0U;0171
94016_3140_00013;94016_3140;13;;Rue Emile Zola;94230;94016;Cachan;;;651669.83;6855460.18;2.342055;48.79741;segment;;;CACHAN;RUE EMILE ZOLA;inconnue;inconnue;0;940160000U0167;800ca460-ee5d-4b9d-9164-33111ee8146a;d8392acb-96d3-4ff6-8e16-83341f013fb7;e1ce01e3-3ad8-4ae8-b38b-91ad0bc88d58;nearest;1.09;0.9;000;0U;0167
94016_3140_00014;94016_3140;14;;Rue Emile Zola;94230;94016;Cachan;;;651670.78;6855459.51;2.342068;48.797404;entrée;;;CACHAN;RUE EMILE ZOLA;inconnue;inconnue;0;940160000U0167;7a03e9a9-2456-4878-bc6f-9c23ca34ffb5;d8392acb-96d3-4ff6-8e16-83341f013fb7;e1ce01e3-3ad8-4ae8-b38b-91ad0bc88d58;nearest;1.41;0.9;000;0U;0167
94016_3140_00015;94016_3140;15;;Rue Emile Zola;94230;94016;Cachan;;;651669.83;6855460.18;2.342055;48.79741;segment;;;CACHAN;RUE EMILE ZOLA;inconnue;inconnue;0;940160000U0167;03154816-2cf4-4ab2-ab21-7f7a77720ed8;d8392acb-96d3-4ff6-8e16-83341f013fb7;e1ce01e3-3ad8-4ae8-b38b-91ad0bc88d58;nearest;1.09;0.9;000;0U;0167
94016_3140_00016;94016_3140;16;;Rue Emile Zola;94230;94016;Cachan;;;651683.82;6855454.51;2.342246;48.79736;entrée;;;CACHAN;RUE EMILE ZOLA;inconnue;inconnue;0;940160000U0165;eed03611-d237-40b1-8d64-52e80b3fa904;d8392acb-96d3-4ff6-8e16-83341f013fb7;e1ce01e3-3ad8-4ae8-b38b-91ad0bc88d58;nearest;1.67;0.9;000;0U;0165
94016_3140_00017;94016_3140;17;;Rue Emile Zola;94230;94016;Cachan;;;651669.83;6855460.18;2.342055;48.79741;segment;;;CACHAN;RUE EMILE ZOLA;inconnue;inconnue;0;940160000U0167;3b0584fc-67a3-4629-94d0-9dc5c63c0744;d8392acb-96d3-4ff6-8e16-83341f013fb7;e1ce01e3-3ad8-4ae8-b38b-91ad0bc88d58;nearest;1.09;0.9;000;0U;0167
94016_3140_00018;94016_3140;18;;Rue Emile Zola;94230;94016;Cachan;;;651705.86;6855446.87;2.342547;48.797293;entrée;;;CACHAN;RUE EMILE ZOLA;inconnue;inconnue;0;940160000U0163;17b9861e-80a2-4759-bc96-dd8685444800;d8392acb-96d3-4ff6-8e16-83341f013fb7;e1ce01e3-3ad8-4ae8-b38b-91ad0bc88d58;nearest;1.3;0.9;000;0U;0163
94016_7191_00003;94016_7191;3;;Villa du Progrès;94230;94016;Cachan;;;650408.79;6855800.52;2.324849;48.800375;entrée;;;CACHAN;VILLA DU PROGRES;inconnue;inconnue;0;940160000A0072;e8d58c80-4231-486a-90c7-0a0c025a58d9;f28e5edc-4cbc-4fa9-881c-eda304a2bb57;e1ce01e3-3ad8-4ae8-b38b-91ad0bc88d58;within;0.0;1.0;000;0A;0072
94016_7191_00004;94016_7191;4;;Villa du Progrès;94230;94016;Cachan;;;650412.23;6855799.15;2.324896;48.800363;entrée;;;CACHAN;VILLA DU PROGRES;inconnue;inconnue;0;940160000A0079;9d6b5650-f32c-4dc8-abc6-35b0e973be3d;f28e5edc-4cbc-4fa9-881c-eda304a2bb57;e1ce01e3-3ad8-4ae8-b38b-91ad0bc88d58;within;0.0;1.0;000;0A;0079
94016_7191_00005;94016_7191;5;;Villa du Progrès;94230;94016;Cachan;;;650404.83;6855792.66;2.324796;48.800304;entrée;;;CACHAN;VILLA DU PROGRES;inconnue;inconnue;0;940160000A0073;0232ef8b-20ec-4ba1-a6c8-849d8e900199;f28e5edc-4cbc-4fa9-881c-eda304a2bb57;e1ce01e3-3ad8-4ae8-b38b-91ad0bc88d58;within;0.0;1.0;000;0A;0073
94016_7191_00006;94016_7191;6;;Villa du Progrès;94230;94016;Cachan;;;650408.28;6855791.85;2.324843;48.800297;entrée;;;CACHAN;VILLA DU PROGRES;inconnue;inconnue;0;940160000A0078;601d67c5-c575-4e01-8eda-d9a8220804d6;f28e5edc-4cbc-4fa9-881c-eda304a2bb57;e1ce01e3-3ad8-4ae8-b38b-91ad0bc88d58;within;0.0;1.0;000;0A;0078
94016_7191_00007;94016_7191;7;;Villa du Progrès;94230;94016;Cachan;;;650401.11;6855786.35;2.324746;48.800247;entrée;;;CACHAN;VILLA DU PROGRES;inconnue;inconnue;0;940160000A0074;3278aa7e-fe2b-4c70-88b0-91b80b440c1a;f28e5edc-4cbc-4fa9-881c-eda304a2bb57;e1ce01e3-3ad8-4ae8-b38b-91ad0bc88d58;within;0.0;1.0;000;0A;0074
94016_7191_00008;94016_7191;8;;Villa du Progrès;94230;94016;Cachan;;;650405.8;6855785.86;2.32481;48.800243;entrée;;;CACHAN;VILLA DU PROGRES;inconnue;inconnue;0;940160000A0077;7a5697b2-5a86-49a9-b498-3507bd0a8fc8;f28e5edc-4cbc-4fa9-881c-eda304a2bb57;e1ce01e3-3ad8-4ae8-b38b-91ad0bc88d58;within;0.0;1.0;000;0A;0077
94016_7191_00009;94016_7191;9;;Villa du Progrès;94230;94016;Cachan;;;650400.71;6855782.68;2.324741;48.800214;entrée;;;CACHAN;VILLA DU PROGRES;inconnue;inconnue;0;940160000A0075;c19b66d0-8249-4855-92af-ced8d5c2da16;f28e5edc-4cbc-4fa9-881c-eda304a2bb57;e1ce01e3-3ad8-4ae8-b38b-91ad0bc88d58;within;0.0;1.0;000;0A;0075
94016_7191_00010;94016_7191;10;;Villa du Progrès;94230;94016;Cachan;;;650402.11;6855782.89;2.32476;48.800216;entrée;;;CACHAN;VILLA DU PROGRES;inconnue;inconnue;0;940160000A0076;2529e26b-9e86-469a-9cdb-b7dc8fc0defc;f28e5edc-4cbc-4fa9-881c-eda304a2bb57;e1ce01e3-3ad8-4ae8-b38b-91ad0bc88d58;within;0.0;1.0;000;0A;0076
94016_7137_00001;94016_7137;1;;Villa Peyrabout;94230;94016;Cachan;;;650473.8;6855852;2.325728;48.800843;entrée;;;CACHAN;VILLA PEYRABOUT;inconnue;inconnue;0;940160000A0032;f36474dd-625f-4f3f-b585-25ed55ed9710;14b630fb-4fe4-4299-920a-d9664621d6ae;e1ce01e3-3ad8-4ae8-b38b-91ad0bc88d58;within;0.0;1.0;000;0A;0032
94016_7137_00002;94016_7137;2;;Villa Peyrabout;94230;94016;Cachan;;;650479.57;6855848.5;2.325807;48.800812;entrée;;;CACHAN;VILLA PEYRABOUT;inconnue;inconnue;0;940160000A0033;661f0b53-dcb7-48ad-b393-69661fc4e325;14b630fb-4fe4-4299-920a-d9664621d6ae;e1ce01e3-3ad8-4ae8-b38b-91ad0bc88d58;within;0.0;1.0;000;0A;0033
94016_7137_00003;94016_7137;3;;Villa Peyrabout;94230;94016;Cachan;;;650465.96;6855846.06;2.325622;48.800789;entrée;;;CACHAN;VILLA PEYRABOUT;inconnue;inconnue;0;940160000A0031;9b26762c-a2bf-499c-83c2-76b6545756e9;14b630fb-4fe4-4299-920a-d9664621d6ae;e1ce01e3-3ad8-4ae8-b38b-91ad0bc88d58;within;0.0;1.0;000;0A;0031
94016_7137_00004;94016_7137;4;;Villa Peyrabout;94230;94016;Cachan;;;650476.2;6855840.75;2.325762;48.800742;entrée;;;CACHAN;VILLA PEYRABOUT;inconnue;inconnue;0;940160000A0034;f3ef50fd-778e-403a-8177-ddbf6e8dca0e;14b630fb-4fe4-4299-920a-d9664621d6ae;e1ce01e3-3ad8-4ae8-b38b-91ad0bc88d58;within;0.0;1.0;000;0A;0034
94016_7137_00005;94016_7137;5;;Villa Peyrabout;94230;94016;Cachan;;;650466.9;6855835.05;2.325636;48.80069;entrée;;;CACHAN;VILLA PEYRABOUT;inconnue;inconnue;0;940160000A0030;40ee18b3-e9df-4d9c-bb85-64e5aac749af;14b630fb-4fe4-4299-920a-d9664621d6ae;e1ce01e3-3ad8-4ae8-b38b-91ad0bc88d58;within;0.0;1.0;000;0A;0030
94016_7137_00006;94016_7137;6;;Villa Peyrabout;94230;94016;Cachan;;;650472.91;6855833.77;2.325718;48.800679;entrée;;;CACHAN;VILLA PEYRABOUT;inconnue;inconnue;0;940160000A0035;54cb88f5-4cc8-40d0-9862-b8d8090c8446;14b630fb-4fe4-4299-920a-d9664621d6ae;e1ce01e3-3ad8-4ae8-b38b-91ad0bc88d58;within;0.0;1.0;000;0A;0035
94016_7137_00007;94016_7137;7;;Villa Peyrabout;94230;94016;Cachan;;;650466.13;6855830.83;2.325626;48.800652;entrée;;;CACHAN;VILLA PEYRABOUT;inconnue;inconnue;0;940160000A0029;5891cd65-bff5-4153-90a7-18ca33fb8507;14b630fb-4fe4-4299-920a-d9664621d6ae;e1ce01e3-3ad8-4ae8-b38b-91ad0bc88d58;within;0.0;1.0;000;0A;0029
94016_7137_00008;94016_7137;8;;Villa Peyrabout;94230;94016;Cachan;;;650469.79;6855829.02;2.325676;48.800636;entrée;;;CACHAN;VILLA PEYRABOUT;inconnue;inconnue;0;940160000A0036;b741cd8b-7f45-404d-bd06-33f1edd44f87;14b630fb-4fe4-4299-920a-d9664621d6ae;e1ce01e3-3ad8-4ae8-b38b-91ad0bc88d58;within;0.0;1.0;000;0A;0036
94016_5135_00001;94016_5135;1;;Rue de la Liberté;94230;94016;Cachan;;;650588.41;6855362.88;2.327345;48.796453;entrée;;;CACHAN;RUE DE LA LIBERTE;inconnue;inconnue;0;940160000D0171;0ec81a00-c285-45e4-a0a9-6cc69f348b1d;9ba16cb1-dfec-4a75-b1f4-640253c4cd36;e1ce01e3-3ad8-4ae8-b38b-91ad0bc88d58;nearest;0.03;0.9;000;0D;0171
94016_5135_00002;94016_5135;2;;Rue de la Liberté;94230;94016;Cachan;;;650584.68;6855373.03;2.327293;48.796544;entrée;;;CACHAN;RUE DE LA LIBERTE;inconnue;inconnue;0;940160000D0158;4d8dc990-5d69-422e-83ca-01009865f92a;9ba16cb1-dfec-4a75-b1f4-640253c4cd36;e1ce01e3-3ad8-4ae8-b38b-91ad0bc88d58;nearest;1.22;0.9;000;0D;0158
94016_5135_00003;94016_5135;3;;Rue de la Liberté;94230;94016;Cachan;;;650582.49;6855366.16;2.327264;48.796482;entrée;;;CACHAN;RUE DE LA LIBERTE;inconnue;inconnue;0;940160000D0171;093dae8a-dfe7-40cc-a8a1-6dfda3a3ef75;9ba16cb1-dfec-4a75-b1f4-640253c4cd36;e1ce01e3-3ad8-4ae8-b38b-91ad0bc88d58;nearest;1.66;0.9;000;0D;0171
94016_5135_00005;94016_5135;5;;Rue de la Liberté;94230;94016;Cachan;;;650565.33;6855369.31;2.32703;48.796509;entrée;;;CACHAN;RUE DE LA LIBERTE;inconnue;inconnue;0;940160000D0164;8ac869b8-9f66-4d7c-a05d-92c5602a014e;9ba16cb1-dfec-4a75-b1f4-640253c4cd36;e1ce01e3-3ad8-4ae8-b38b-91ad0bc88d58;nearest;0.12;0.9;000;0D;0164
94016_5135_00006;94016_5135;6;;Rue de la Liberté;94230;94016;Cachan;;;650565.4;6855378.31;2.32703;48.79659;entrée;;;CACHAN;RUE DE LA LIBERTE;inconnue;inconnue;0;940160000D0134;2faf669b-c9ec-489d-90c6-5d388d3b72cf;9ba16cb1-dfec-4a75-b1f4-640253c4cd36;e1ce01e3-3ad8-4ae8-b38b-91ad0bc88d58;nearest;1.16;0.9;000;0D;0134
94016_5135_00007;94016_5135;7;;Rue de la Liberté;94230;94016;Cachan;;;650555.21;6855371.95;2.326892;48.796532;entrée;;;CACHAN;RUE DE LA LIBERTE;inconnue;inconnue;0;940160000D0138;906deb74-5896-4b86-af1f-7330c50cfce4;9ba16cb1-dfec-4a75-b1f4-640253c4cd36;e1ce01e3-3ad8-4ae8-b38b-91ad0bc88d58;within;0.0;1.0;000;0D;0138
94016_5135_00009;94016_5135;9;;Rue de la Liberté;94230;94016;Cachan;;;650544.58;6855374.93;2.326747;48.796558;entrée;;;CACHAN;RUE DE LA LIBERTE;inconnue;inconnue;0;940160000D0139;bf882479-833c-432b-9896-50a1b733f2a4;9ba16cb1-dfec-4a75-b1f4-640253c4cd36;e1ce01e3-3ad8-4ae8-b38b-91ad0bc88d58;nearest;0.07;0.9;000;0D;0139
94016_5135_00010;94016_5135;10;;Rue de la Liberté;94230;94016;Cachan;;;650542.1;6855384.63;2.326712;48.796645;entrée;;;CACHAN;RUE DE LA LIBERTE;inconnue;inconnue;0;940160000D0130;571d7542-02ba-4169-8d6f-d4682d1b1251;9ba16cb1-dfec-4a75-b1f4-640253c4cd36;e1ce01e3-3ad8-4ae8-b38b-91ad0bc88d58;nearest;1.16;0.9;000;0D;0130
94016_5135_00011;94016_5135;11;;Rue de la Liberté;94230;94016;Cachan;;;650533.22;6855377.81;2.326592;48.796583;entrée;;;CACHAN;RUE DE LA LIBERTE;inconnue;inconnue;0;940160000D0140;5308b7a1-1611-4b21-ae2a-1bde1c3a5076;9ba16cb1-dfec-4a75-b1f4-640253c4cd36;e1ce01e3-3ad8-4ae8-b38b-91ad0bc88d58;within;0.0;1.0;000;0D;0140
94016_5135_00012;94016_5135;12;;Rue de la Liberté;94230;94016;Cachan;;;650528.83;6855388.19;2.326531;48.796676;entrée;;;CACHAN;RUE DE LA LIBERTE;inconnue;inconnue;0;940160000D0129;f062a47a-53d6-41f6-ba41-5e044565f180;9ba16cb1-dfec-4a75-b1f4-640253c4cd36;e1ce01e3-3ad8-4ae8-b38b-91ad0bc88d58;nearest;1.2;0.9;000;0D;0129
94016_5135_00013;94016_5135;13;;Rue de la Liberté;94230;94016;Cachan;;;650517.47;6855382.28;2.326377;48.796622;entrée;;;CACHAN;RUE DE LA LIBERTE;inconnue;inconnue;0;940160000D0141;316750fc-253a-4243-93a5-ba61054dd37f;9ba16cb1-dfec-4a75-b1f4-640253c4cd36;e1ce01e3-3ad8-4ae8-b38b-91ad0bc88d58;within;0.0;1.0;000;0D;0141
94016_5135_00014;94016_5135;14;;Rue de la Liberté;94230;94016;Cachan;;;650517.39;6855390.73;2.326375;48.796698;entrée;;;CACHAN;RUE DE LA LIBERTE;inconnue;inconnue;0;940160000D0182;42deb9e6-0437-4097-ac65-2e38ec7ba48d;9ba16cb1-dfec-4a75-b1f4-640253c4cd36;e1ce01e3-3ad8-4ae8-b38b-91ad0bc88d58;nearest;1.76;0.9;000;0D;0182
94016_5135_00015;94016_5135;15;;Rue de la Liberté;94230;94016;Cachan;;;650505.01;6855385.83;2.326207;48.796653;entrée;;;CACHAN;RUE DE LA LIBERTE;inconnue;inconnue;0;940160000D0142;a7d78817-58b9-48eb-9928-2533727a8e3a;9ba16cb1-dfec-4a75-b1f4-640253c4cd36;e1ce01e3-3ad8-4ae8-b38b-91ad0bc88d58;nearest;0.16;0.9;000;0D;0142
94016_5135_00016;94016_5135;16;;Rue de la Liberté;94230;94016;Cachan;;;650511.11;6855412.47;2.326287;48.796893;entrée;;;CACHAN;RUE DE LA LIBERTE;inconnue;inconnue;0;940160000D0180;41ad8fc6-5b93-4c4b-b325-1fe2f72ee033;9ba16cb1-dfec-4a75-b1f4-640253c4cd36;e1ce01e3-3ad8-4ae8-b38b-91ad0bc88d58;within;0.0;1.0;000;0D;0180
94016_5135_00017;94016_5135;17;;Rue de la Liberté;94230;94016;Cachan;;;650491.37;6855389.4;2.326021;48.796684;entrée;;;CACHAN;RUE DE LA LIBERTE;inconnue;inconnue;0;940160000D0143;4246d462-7678-4ae0-88aa-40e3f842e4da;9ba16cb1-dfec-4a75-b1f4-640253c4cd36;e1ce01e3-3ad8-4ae8-b38b-91ad0bc88d58;nearest;0.02;0.9;000;0D;0143
94016_5135_00018;94016_5135;18;;Rue de la Liberté;94230;94016;Cachan;;;650492.33;6855398.06;2.326033;48.796762;entrée;;;CACHAN;RUE DE LA LIBERTE;inconnue;inconnue;0;940160000D0126;9c410832-f7e4-4d86-94ab-5e39778cd21d;9ba16cb1-dfec-4a75-b1f4-640253c4cd36;e1ce01e3-3ad8-4ae8-b38b-91ad0bc88d58;nearest;1.27;0.9;000;0D;0126
94016_5135_00019;94016_5135;19;;Rue de la Liberté;94230;94016;Cachan;;;650474.01;6855394.22;2.325784;48.796726;entrée;;;CACHAN;RUE DE LA LIBERTE;inconnue;inconnue;0;940160000D0144;c88b70d3-52d0-499f-8af5-8d65ab15bf45;9ba16cb1-dfec-4a75-b1f4-640253c4cd36;e1ce01e3-3ad8-4ae8-b38b-91ad0bc88d58;nearest;0.13;0.9;000;0D;0144
94016_5135_00020;94016_5135;20;;Rue de la Liberté;94230;94016;Cachan;;;650475.91;6855402.65;2.325809;48.796802;entrée;;;CACHAN;RUE DE LA LIBERTE;inconnue;inconnue;0;940160000D0120;b1f57304-5ff3-4754-8680-efeddc5ee7c7;9ba16cb1-dfec-4a75-b1f4-640253c4cd36;e1ce01e3-3ad8-4ae8-b38b-91ad0bc88d58;nearest;1.14;0.9;000;0D;0120
94016_0010_00003;94016_0010;3;;Rue d'Alsace;94230;94016;Cachan;;;650230.2;6854684.45;2.322548;48.790324;entrée;;;CACHAN;RUE D ALSACE;inconnue;inconnue;0;940160000H0019;a09fbded-663b-4384-bf0d-3145ec226e91;3666057d-bdfd-4523-a449-cfe5ec0bf395;e1ce01e3-3ad8-4ae8-b38b-91ad0bc88d58;nearest;0.13;0.9;000;0H;0019
94016_0010_00004;94016_0010;4;;Rue d'Alsace;94230;94016;Cachan;;;650238.89;6854686.82;2.322666;48.790346;entrée;;;CACHAN;RUE D ALSACE;inconnue;inconnue;0;940160000I0211;026817d3-bf45-43b7-ba1f-dc7776771a55;3666057d-bdfd-4523-a449-cfe5ec0bf395;e1ce01e3-3ad8-4ae8-b38b-91ad0bc88d58;nearest;1.72;0.9;000;0I;0211
94016_0010_00006;94016_0010;6;;Rue d'Alsace;94230;94016;Cachan;;;650236.18;6854696.29;2.322628;48.790431;entrée;;;CACHAN;RUE D ALSACE;inconnue;inconnue;0;940160000I0019;5e6dfbc4-6056-403f-b565-d83d1b66c649;3666057d-bdfd-4523-a449-cfe5ec0bf395;e1ce01e3-3ad8-4ae8-b38b-91ad0bc88d58;nearest;1.67;0.9;000;0I;0019
94016_0010_00008;94016_0010;8;;Rue d'Alsace;94230;94016;Cachan;;;650232.39;6854708.89;2.322575;48.790544;entrée;;;CACHAN;RUE D ALSACE;inconnue;inconnue;0;940160000I0018;066b25a4-0411-4e40-a3bf-90763b4f1fcd;3666057d-bdfd-4523-a449-cfe5ec0bf395;e1ce01e3-3ad8-4ae8-b38b-91ad0bc88d58;nearest;1.81;0.9;000;0I;0018
94016_0010_00009;94016_0010;9;;Rue d'Alsace;94230;94016;Cachan;;;650204.88;6854773.39;2.322193;48.791122;entrée;;;CACHAN;RUE D ALSACE;inconnue;inconnue;0;940160000H0029;ff3c9071-574d-4391-8860-65b0de44f6b7;3666057d-bdfd-4523-a449-cfe5ec0bf395;e1ce01e3-3ad8-4ae8-b38b-91ad0bc88d58;nearest;0.41;0.9;000;0H;0029
94016_0010_00010;94016_0010;10;;Rue d'Alsace;94230;94016;Cachan;;;650225.67;6854730.85;2.322481;48.790741;segment;;;CACHAN;RUE D ALSACE;inconnue;inconnue;0;940160000I0017;18088b7e-fcb7-441a-b19a-5131c347b729;3666057d-bdfd-4523-a449-cfe5ec0bf395;e1ce01e3-3ad8-4ae8-b38b-91ad0bc88d58;nearest;2.39;0.9;000;0I;0017
94016_0010_00012;94016_0010;12;;Rue d'Alsace;94230;94016;Cachan;;;650221.41;6854747.23;2.322421;48.790888;entrée;;;CACHAN;RUE D ALSACE;inconnue;inconnue;0;940160000I0016;8f8dc06f-043d-49a9-8d21-b68d681fb6b2;3666057d-bdfd-4523-a449-cfe5ec0bf395;e1ce01e3-3ad8-4ae8-b38b-91ad0bc88d58;nearest;1.7;0.9;000;0I;0016
94016_0010_00014;94016_0010;14;;Rue d'Alsace;94230;94016;Cachan;;;650218.91;6854756.04;2.322386;48.790967;entrée;;;CACHAN;RUE D ALSACE;inconnue;inconnue;0;940160000I0015;81c512a3-9177-498e-b0f2-ba4114715f40;3666057d-bdfd-4523-a449-cfe5ec0bf395;e1ce01e3-3ad8-4ae8-b38b-91ad0bc88d58;nearest;1.62;0.9;000;0I;0015
94016_0010_00016;94016_0010;16;;Rue d'Alsace;94230;94016;Cachan;;;650215.77;6854766.41;2.322342;48.79106;entrée;;;CACHAN;RUE D ALSACE;inconnue;inconnue;0;940160000I0074;092cc76e-cefa-4cf8-b106-5a0b872ca70c;3666057d-bdfd-4523-a449-cfe5ec0bf395;e1ce01e3-3ad8-4ae8-b38b-91ad0bc88d58;nearest;1.75;0.9;000;0I;0074
94016_0010_00018;94016_0010;18;;Rue d'Alsace;94230;94016;Cachan;;;650208.42;6854792.71;2.322239;48.791296;entrée;;;CACHAN;RUE D ALSACE;inconnue;inconnue;0;940160000I0004;435aa7a0-0a2e-4591-97c7-3c86829318a9;3666057d-bdfd-4523-a449-cfe5ec0bf395;e1ce01e3-3ad8-4ae8-b38b-91ad0bc88d58;nearest;1.67;0.9;000;0I;0004
94016_0010_00020;94016_0010;20;;Rue d'Alsace;94230;94016;Cachan;;;650204.78;6854804.97;2.322188;48.791406;entrée;;;CACHAN;RUE D ALSACE;inconnue;inconnue;0;940160000I0003;06589a6c-f357-4c34-8a79-03521ee52d70;3666057d-bdfd-4523-a449-cfe5ec0bf395;e1ce01e3-3ad8-4ae8-b38b-91ad0bc88d58;nearest;1.75;0.9;000;0I;0003
94016_0010_00022;94016_0010;22;;Rue d'Alsace;94230;94016;Cachan;;;650202.29;6854813.67;2.322153;48.791484;entrée;;;CACHAN;RUE D ALSACE;inconnue;inconnue;0;940160000I0002;b49b0b73-3cf1-4106-bbf1-05297041ccf1;3666057d-bdfd-4523-a449-cfe5ec0bf395;e1ce01e3-3ad8-4ae8-b38b-91ad0bc88d58;nearest;1.74;0.9;000;0I;0002
94016_0010_00024;94016_0010;24;;Rue d'Alsace;94230;94016;Cachan;;;650198.93;6854825.37;2.322106;48.791589;entrée;;;CACHAN;RUE D ALSACE;inconnue;inconnue;0;940160000I0001;ecfd7082-308b-477f-a633-f3be0a5cac3f;3666057d-bdfd-4523-a449-cfe5ec0bf395;e1ce01e3-3ad8-4ae8-b38b-91ad0bc88d58;nearest;1.69;0.9;000;0I;0001
94016_0010_00003_bis;94016_0010;3;bis;Rue d'Alsace;94230;94016;Cachan;;;650228.07;6854693.14;2.322518;48.790402;entrée;;;CACHAN;RUE D ALSACE;inconnue;inconnue;0;940160000H0020;fcaf192a-b3b8-4aef-b40f-1bee0f7af741;3666057d-bdfd-4523-a449-cfe5ec0bf395;e1ce01e3-3ad8-4ae8-b38b-91ad0bc88d58;nearest;0.63;0.9;000;0H;0020
94016_7193_00002;94016_7193;2;;Rue de Provence;94230;94016;Cachan;;;650810.37;6854110.42;2.330511;48.785206;entrée;;;CACHAN;RUE DE PROVENCE;inconnue;inconnue;0;940160000N0076;7dbba368-50e5-4f0a-b875-80470de6687c;e7578541-9181-4ed3-86f7-e3dd6fbcab26;e1ce01e3-3ad8-4ae8-b38b-91ad0bc88d58;nearest;3.59;0.9;000;0N;0076
94016_7193_00004;94016_7193;4;;Rue de Provence;94230;94016;Cachan;;;650810.14;6854118.09;2.330507;48.785275;entrée;;;CACHAN;RUE DE PROVENCE;inconnue;inconnue;0;940160000N0076;4bae987b-d592-4196-b74d-8aa21e7a8393;e7578541-9181-4ed3-86f7-e3dd6fbcab26;e1ce01e3-3ad8-4ae8-b38b-91ad0bc88d58;nearest;1.34;0.9;000;0N;0076
94016_7193_00006;94016_7193;6;;Rue de Provence;94230;94016;Cachan;;;650809.47;6854133.88;2.330496;48.785417;entrée;;;CACHAN;RUE DE PROVENCE;inconnue;inconnue;0;940160000N0076;c7e06c1f-b5ec-41ee-b581-b31051f23765;e7578541-9181-4ed3-86f7-e3dd6fbcab26;e1ce01e3-3ad8-4ae8-b38b-91ad0bc88d58;nearest;1.26;0.9;000;0N;0076
94016_7193_00008;94016_7193;8;;Rue de Provence;94230;94016;Cachan;;;650809.63;6854127.54;2.330499;48.78536;entrée;;;CACHAN;RUE DE PROVENCE;inconnue;inconnue;0;940160000N0076;f9dc405b-cec1-4d8b-ba37-51d1b7e27e82;e7578541-9181-4ed3-86f7-e3dd6fbcab26;e1ce01e3-3ad8-4ae8-b38b-91ad0bc88d58;nearest;1.45;0.9;000;0N;0076
94016_7193_00010;94016_7193;10;;Rue de Provence;94230;94016;Cachan;;;650809.24;6854141.56;2.330492;48.785486;entrée;;;CACHAN;RUE DE PROVENCE;inconnue;inconnue;0;940160000N0076;22f6b6d8-a53a-44c7-92e3-8ddcdd122b7a;e7578541-9181-4ed3-86f7-e3dd6fbcab26;e1ce01e3-3ad8-4ae8-b38b-91ad0bc88d58;nearest;1.07;0.9;000;0N;0076
94016_7193_00012;94016_7193;12;;Rue de Provence;94230;94016;Cachan;;;650808.62;6854155.24;2.330482;48.785609;entrée;;;CACHAN;RUE DE PROVENCE;inconnue;inconnue;0;940160000N0076;fc981fe8-d803-4a5a-a6d0-5c6db5d0edd9;e7578541-9181-4ed3-86f7-e3dd6fbcab26;e1ce01e3-3ad8-4ae8-b38b-91ad0bc88d58;nearest;1.05;0.9;000;0N;0076
94016_7193_00014;94016_7193;14;;Rue de Provence;94230;94016;Cachan;;;650808;6854168.92;2.330472;48.785732;entrée;;;CACHAN;RUE DE PROVENCE;inconnue;inconnue;0;940160000N0076;d3f8c7cc-fbd4-425d-a4d6-39470a590dc8;e7578541-9181-4ed3-86f7-e3dd6fbcab26;e1ce01e3-3ad8-4ae8-b38b-91ad0bc88d58;nearest;1.03;0.9;000;0N;0076
94016_7193_00016;94016_7193;16;;Rue de Provence;94230;94016;Cachan;;;650807.51;6854181.05;2.330464;48.785841;entrée;;;CACHAN;RUE DE PROVENCE;inconnue;inconnue;0;940160000N0076;cf8a5538-cc3e-4587-aa26-9af166605f90;e7578541-9181-4ed3-86f7-e3dd6fbcab26;e1ce01e3-3ad8-4ae8-b38b-91ad0bc88d58;nearest;0.92;0.9;000;0N;0076
94016_7193_00018;94016_7193;18;;Rue de Provence;94230;94016;Cachan;;;650801.89;6854106.82;2.330396;48.785173;segment;;;CACHAN;RUE DE PROVENCE;inconnue;inconnue;0;940160000N0078;efc425a5-dabb-4033-92d6-403b9cc4a667;e7578541-9181-4ed3-86f7-e3dd6fbcab26;e1ce01e3-3ad8-4ae8-b38b-91ad0bc88d58;within;0.0;1.0;000;0N;0078
94016_7193_00020;94016_7193;20;;Rue de Provence;94230;94016;Cachan;;;650796.7;6854040.81;2.330333;48.784579;entrée;;;CACHAN;RUE DE PROVENCE;inconnue;inconnue;0;940160000N0079;f942f1ab-dd5a-4429-86bb-89530739caa5;e7578541-9181-4ed3-86f7-e3dd6fbcab26;e1ce01e3-3ad8-4ae8-b38b-91ad0bc88d58;within;0.0;1.0;000;0N;0079
94016_7110_00001;94016_7110;1;;Avenue du Panorama;94230;94016;Cachan;;;651685.98;6854955.79;2.342332;48.792875;entrée;;;CACHAN;AVENUE DU PANORAMA;inconnue;inconnue;0;940160000X0267;d65d2ba8-4dd4-4070-8504-21783ddeb931;a2e078a3-7fd2-495d-aa20-fd4b6937a07a;e1ce01e3-3ad8-4ae8-b38b-91ad0bc88d58;nearest;1.27;0.9;000;0X;0267
94016_7110_00002;94016_7110;2;;Avenue du Panorama;94230;94016;Cachan;;;651705;6854946.07;2.342592;48.792789;entrée;;;CACHAN;AVENUE DU PANORAMA;inconnue;inconnue;0;94016000AC0068;8228c8c6-ce1c-4354-ade6-676bd5398179;a2e078a3-7fd2-495d-aa20-fd4b6937a07a;e1ce01e3-3ad8-4ae8-b38b-91ad0bc88d58;nearest;0.09;0.9;000;AC;0068
94016_7110_00003;94016_7110;3;;Avenue du Panorama;94230;94016;Cachan;;;651695.89;6854955.04;2.342467;48.792869;entrée;;;CACHAN;AVENUE DU PANORAMA;inconnue;inconnue;0;940160000X0107;cdc7d210-8bf6-4e7e-8809-58546819d53b;a2e078a3-7fd2-495d-aa20-fd4b6937a07a;e1ce01e3-3ad8-4ae8-b38b-91ad0bc88d58;nearest;1.28;0.9;000;0X;0107
94016_7110_00005;94016_7110;5;;Avenue du Panorama;94230;94016;Cachan;;;651708.81;6854954.15;2.342643;48.792862;entrée;;;CACHAN;AVENUE DU PANORAMA;inconnue;inconnue;0;940160000X0231;0f3e653d-ddd7-4388-b8a6-4db158ea3f43;a2e078a3-7fd2-495d-aa20-fd4b6937a07a;e1ce01e3-3ad8-4ae8-b38b-91ad0bc88d58;nearest;1.22;0.9;000;0X;0231
94016_7110_00006;94016_7110;6;;Avenue du Panorama;94230;94016;Cachan;;;651713.81;6854945.55;2.342712;48.792785;entrée;;;CACHAN;AVENUE DU PANORAMA;inconnue;inconnue;0;94016000AC0069;5ae0d775-1126-40e9-a892-c927e8c52ec6;a2e078a3-7fd2-495d-aa20-fd4b6937a07a;e1ce01e3-3ad8-4ae8-b38b-91ad0bc88d58;nearest;0.22;0.9;000;AC;0069
94016_7110_00007;94016_7110;7;;Avenue du Panorama;94230;94016;Cachan;;;651724.09;6854952.92;2.342851;48.792852;entrée;;;CACHAN;AVENUE DU PANORAMA;inconnue;inconnue;0;940160000X0232;d3b2e032-4bf5-4ad5-9b60-7a666111955d;a2e078a3-7fd2-495d-aa20-fd4b6937a07a;e1ce01e3-3ad8-4ae8-b38b-91ad0bc88d58;nearest;1.34;0.9;000;0X;0232
94016_7110_00008;94016_7110;8;;Avenue du Panorama;94230;94016;Cachan;;;651723.43;6854944.91;2.342843;48.79278;entrée;;;CACHAN;AVENUE DU PANORAMA;inconnue;inconnue;0;94016000AC0197;a5c5a7a3-44fb-4950-909f-f8f70546531c;a2e078a3-7fd2-495d-aa20-fd4b6937a07a;e1ce01e3-3ad8-4ae8-b38b-91ad0bc88d58;nearest;0.3;0.9;000;AC;0197
94016_7110_00009;94016_7110;9;;Avenue du Panorama;94230;94016;Cachan;;;651735.39;6854952.27;2.343005;48.792847;entrée;;;CACHAN;AVENUE DU PANORAMA;inconnue;inconnue;0;940160000X0109;b63bec4f-3683-4025-87cf-cf867c8fda78;a2e078a3-7fd2-495d-aa20-fd4b6937a07a;e1ce01e3-3ad8-4ae8-b38b-91ad0bc88d58;nearest;1.17;0.9;000;0X;0109
94016_7110_00010;94016_7110;10;;Avenue du Panorama;94230;94016;Cachan;;;651732.53;6854944.06;2.342967;48.792773;entrée;;;CACHAN;AVENUE DU PANORAMA;inconnue;inconnue;0;94016000AC0197;24a12a16-505e-4182-b1b8-ff4adf451d9c;a2e078a3-7fd2-495d-aa20-fd4b6937a07a;e1ce01e3-3ad8-4ae8-b38b-91ad0bc88d58;nearest;0.07;0.9;000;AC;0197
94016_7110_00011;94016_7110;11;;Avenue du Panorama;94230;94016;Cachan;;;651744.28;6854951.41;2.343126;48.79284;entrée;;;CACHAN;AVENUE DU PANORAMA;inconnue;inconnue;0;940160000X0110;a4d3587a-f243-4dde-8247-c9d4108b211e;a2e078a3-7fd2-495d-aa20-fd4b6937a07a;e1ce01e3-3ad8-4ae8-b38b-91ad0bc88d58;nearest;1.36;0.9;000;0X;0110
94016_7110_00012;94016_7110;12;;Avenue du Panorama;94230;94016;Cachan;;;651739.07;6854944.12;2.343056;48.792774;entrée;;;CACHAN;AVENUE DU PANORAMA;inconnue;inconnue;0;94016000AC0072;755c6f65-0f63-4405-afdf-fb7d15219596;a2e078a3-7fd2-495d-aa20-fd4b6937a07a;e1ce01e3-3ad8-4ae8-b38b-91ad0bc88d58;nearest;0.63;0.9;000;AC;0072
94016_7110_00013;94016_7110;13;;Avenue du Panorama;94230;94016;Cachan;;;651759.47;6854950.29;2.343333;48.792831;entrée;;;CACHAN;AVENUE DU PANORAMA;inconnue;inconnue;0;940160000X0206;658aa3b5-5b33-458d-8652-77c945e6172d;a2e078a3-7fd2-495d-aa20-fd4b6937a07a;e1ce01e3-3ad8-4ae8-b38b-91ad0bc88d58;nearest;1.36;0.9;000;0X;0206
94016_7110_00014;94016_7110;14;;Avenue du Panorama;94230;94016;Cachan;;;651744.57;6854943.18;2.343131;48.792766;entrée;;;CACHAN;AVENUE DU PANORAMA;inconnue;inconnue;0;94016000AC0073;d4ec668e-b7ca-45c9-a6cf-658c730e389a;a2e078a3-7fd2-495d-aa20-fd4b6937a07a;e1ce01e3-3ad8-4ae8-b38b-91ad0bc88d58;nearest;0.07;0.9;000;AC;0073
94016_7110_00016;94016_7110;16;;Avenue du Panorama;94230;94016;Cachan;;;651759.11;6854942.17;2.343329;48.792758;entrée;;;CACHAN;AVENUE DU PANORAMA;inconnue;inconnue;0;94016000AC0074;ef0fdea7-b1f7-45c4-9e2c-46b54d7d758c;a2e078a3-7fd2-495d-aa20-fd4b6937a07a;e1ce01e3-3ad8-4ae8-b38b-91ad0bc88d58;nearest;0.09;0.9;000;AC;0074
94016_7110_00018;94016_7110;18;;Avenue du Panorama;94230;94016;Cachan;;;651775.71;6854941.03;2.343555;48.792749;entrée;;;CACHAN;AVENUE DU PANORAMA;inconnue;inconnue;0;94016000AC0157;ba24de42-7830-47ad-95ef-60c7c38a51cd;a2e078a3-7fd2-495d-aa20-fd4b6937a07a;e1ce01e3-3ad8-4ae8-b38b-91ad0bc88d58;nearest;0.13;0.9;000;AC;0157
94016_7110_00020;94016_7110;20;;Avenue du Panorama;94230;94016;Cachan;;;651792.3;6854939.45;2.343781;48.792736;entrée;;;CACHAN;AVENUE DU PANORAMA;inconnue;inconnue;0;94016000AC0158;54ed61f5-8b11-4254-8d7f-0f922c4d39b9;a2e078a3-7fd2-495d-aa20-fd4b6937a07a;e1ce01e3-3ad8-4ae8-b38b-91ad0bc88d58;within;0.0;1.0;000;AC;0158
94016_4110_00002;94016_4110;2;;Rue Galliéni;94230;94016;Cachan;;;651125.62;6855195.66;2.334677;48.79499;entrée;;;CACHAN;RUE GALLIENI;inconnue;inconnue;0;940160000R0109;0846d512-9de5-424c-8fe2-4bb27c086ed2;b88df082-7e74-4516-b145-ab86c8612915;e1ce01e3-3ad8-4ae8-b38b-91ad0bc88d58;nearest;1.76;0.9;000;0R;0109
94016_4110_00004;94016_4110;4;;Rue Galliéni;94230;94016;Cachan;;;651112.81;6855201.21;2.334502;48.795039;entrée;;;CACHAN;RUE GALLIENI;inconnue;inconnue;0;940160000R0055;58d220e1-8561-4d7f-b9c6-0d38f7b0b661;b88df082-7e74-4516-b145-ab86c8612915;e1ce01e3-3ad8-4ae8-b38b-91ad0bc88d58;nearest;1.49;0.9;000;0R;0055
94016_4110_00006;94016_4110;6;;Rue Galliéni;94230;94016;Cachan;;;651101.81;6855203.64;2.334352;48.79506;entrée;;;CACHAN;RUE GALLIENI;inconnue;inconnue;0;940160000R0054;04ec0fba-368f-4a1c-8756-e72b2d9636e5;b88df082-7e74-4516-b145-ab86c8612915;e1ce01e3-3ad8-4ae8-b38b-91ad0bc88d58;nearest;1.48;0.9;000;0R;0054
94016_4110_00008;94016_4110;8;;Rue Galliéni;94230;94016;Cachan;;;651073.4;6855205.44;2.333965;48.795074;entrée;;;CACHAN;RUE GALLIENI;inconnue;inconnue;0;940160000R0052;4f04b760-c56b-4413-b35e-4040c55b78fc;b88df082-7e74-4516-b145-ab86c8612915;e1ce01e3-3ad8-4ae8-b38b-91ad0bc88d58;nearest;1.43;0.9;000;0R;0052
94016_4110_00012;94016_4110;12;;Rue Galliéni;94230;94016;Cachan;;;651008.94;6855253.91;2.333082;48.795505;entrée;;;CACHAN;RUE GALLIENI;inconnue;inconnue;0;940160000R0023;245208c2-6a7c-4cca-b4b6-b44b70b437ef;b88df082-7e74-4516-b145-ab86c8612915;e1ce01e3-3ad8-4ae8-b38b-91ad0bc88d58;nearest;0.91;0.9;000;0R;0023
94016_4110_00013;94016_4110;13;;Rue Galliéni;94230;94016;Cachan;;;650979.29;6855275.28;2.332676;48.795695;entrée;;;CACHAN;RUE GALLIENI;inconnue;inconnue;0;940160000R0114;015623c5-b99b-41c5-a8cb-61a8bce83e75;b88df082-7e74-4516-b145-ab86c8612915;e1ce01e3-3ad8-4ae8-b38b-91ad0bc88d58;within;0.0;1.0;000;0R;0114
94016_4110_00014;94016_4110;14;;Rue Galliéni;94230;94016;Cachan;;;650993.16;6855273.83;2.332865;48.795683;entrée;;;CACHAN;RUE GALLIENI;inconnue;inconnue;0;940160000R0197;24fcd0fd-8b6f-418a-a29f-25294ca5e5dd;b88df082-7e74-4516-b145-ab86c8612915;e1ce01e3-3ad8-4ae8-b38b-91ad0bc88d58;nearest;0.93;0.9;000;0R;0197
94016_4110_00015;94016_4110;15;;Rue Galliéni;94230;94016;Cachan;;;650997.39;6855252.45;2.332925;48.795491;segment;;;CACHAN;RUE GALLIENI;inconnue;inconnue;0;940160000R0114;80f27bd1-b427-4b80-9608-b9db4ddc6166;b88df082-7e74-4516-b145-ab86c8612915;e1ce01e3-3ad8-4ae8-b38b-91ad0bc88d58;within;0.0;1.0;000;0R;0114
94016_4110_00016;94016_4110;16;;Rue Galliéni;94230;94016;Cachan;;;650986.47;6855281.23;2.332773;48.795749;entrée;;;CACHAN;RUE GALLIENI;inconnue;inconnue;0;940160000R0198;8e66bd8a-bc2d-4e3a-b1d3-804fbcc8e8f6;b88df082-7e74-4516-b145-ab86c8612915;e1ce01e3-3ad8-4ae8-b38b-91ad0bc88d58;nearest;1.4;0.9;000;0R;0198
94016_4110_00018;94016_4110;18;;Rue Galliéni;94230;94016;Cachan;;;650979.19;6855289.85;2.332673;48.795826;entrée;;;CACHAN;RUE GALLIENI;inconnue;inconnue;0;940160000R0165;68039ddc-7802-4170-a9cc-89f474888a08;b88df082-7e74-4516-b145-ab86c8612915;e1ce01e3-3ad8-4ae8-b38b-91ad0bc88d58;nearest;1.1;0.9;000;0R;0165
94016_4110_00020;94016_4110;20;;Rue Galliéni;94230;94016;Cachan;;;650986.1;6855280.9;2.332768;48.795746;entrée;;;CACHAN;RUE GALLIENI;inconnue;inconnue;0;940160000R0198;9e2fbcb7-44e6-4aa5-8e73-fa0ce1105511;b88df082-7e74-4516-b145-ab86c8612915;e1ce01e3-3ad8-4ae8-b38b-91ad0bc88d58;nearest;2.0;0.9;000;0R;0198
94016_4110_00022;94016_4110;22;;Rue Galliéni;94230;94016;Cachan;;;650964.72;6855306.54;2.332474;48.795975;entrée;;;CACHAN;RUE GALLIENI;inconnue;inconnue;0;940160000R0027;7c1903e8-5a6c-4e4a-9712-3d26eae466ab;b88df082-7e74-4516-b145-ab86c8612915;e1ce01e3-3ad8-4ae8-b38b-91ad0bc88d58;nearest;0.91;0.9;000;0R;0027
94016_4110_00024;94016_4110;24;;Rue Galliéni;94230;94016;Cachan;;;650957.08;6855315.06;2.332369;48.796051;entrée;;;CACHAN;RUE GALLIENI;inconnue;inconnue;0;940160000R0162;0cce3c24-e383-4e5b-84da-2e00a2fd4e89;b88df082-7e74-4516-b145-ab86c8612915;e1ce01e3-3ad8-4ae8-b38b-91ad0bc88d58;nearest;1.1;0.9;000;0R;0162
94016_4110_00026;94016_4110;26;;Rue Galliéni;94230;94016;Cachan;;;650930;6855344.53;2.331997;48.796314;segment;;;CACHAN;RUE GALLIENI;inconnue;inconnue;0;940160000R0162;7e85f50f-2fd1-411a-a474-5514f50107a9;b88df082-7e74-4516-b145-ab86c8612915;e1ce01e3-3ad8-4ae8-b38b-91ad0bc88d58;nearest;2.74;0.9;000;0R;0162
94016_4110_00028;94016_4110;28;;Rue Galliéni;94230;94016;Cachan;;;650915.53;6855362;2.331798;48.79647;entrée;;;CACHAN;RUE GALLIENI;inconnue;inconnue;0;940160000R0030;4ff12fc3-d655-42b2-84bc-de2f69cc9209;b88df082-7e74-4516-b145-ab86c8612915;e1ce01e3-3ad8-4ae8-b38b-91ad0bc88d58;nearest;1.04;0.9;000;0R;0030
94016_4110_00030;94016_4110;30;;Rue Galliéni;94230;94016;Cachan;;;650900.89;6855377.02;2.331597;48.796604;segment;;;CACHAN;RUE GALLIENI;inconnue;inconnue;0;940160000R0030;a8c9d97c-a5a1-4d5b-9008-1b8324837a2f;b88df082-7e74-4516-b145-ab86c8612915;e1ce01e3-3ad8-4ae8-b38b-91ad0bc88d58;nearest;2.33;0.9;000;0R;0030
94016_4110_00006_bis;94016_4110;6;bis;Rue Galliéni;94230;94016;Cachan;;;651089.03;6855204.42;2.334178;48.795066;entrée;;;CACHAN;RUE GALLIENI;inconnue;inconnue;0;940160000R0053;da9437ed-3489-41d8-9fc5-9d52c557f848;b88df082-7e74-4516-b145-ab86c8612915;e1ce01e3-3ad8-4ae8-b38b-91ad0bc88d58;nearest;1.49;0.9;000;0R;0053
94016_6135_00001;94016_6135;1;;Av du Mal de Lattre de Tassigny;94230;94016;Cachan;;;650912;6854710.88;2.331825;48.790614;entrée;;;CACHAN;AV DU MAL DE LATTRE DE TASSIGNY;inconnue;inconnue;0;940160000O0165;41ca5885-6aba-4031-89c4-e168c9a8cc4d;24ecac26-9bc7-4c7f-b440-1e5c02b1c5bb;e1ce01e3-3ad8-4ae8-b38b-91ad0bc88d58;nearest;3.42;0.9;000;0O;0165
94016_6135_00002;94016_6135;2;;Av du Mal de Lattre de Tassigny;94230;94016;Cachan;;;650919.14;6854669.57;2.331927;48.790243;entrée;;;CACHAN;AV DU MAL DE LATTRE DE TASSIGNY;cadastre;inconnue;0;940160000O0078;06fdc45c-b860-46c2-a1fb-e85434b792e4;24ecac26-9bc7-4c7f-b440-1e5c02b1c5bb;e1ce01e3-3ad8-4ae8-b38b-91ad0bc88d58;exist;;;000;0O;0078
94016_6135_00003;94016_6135;3;;Av du Mal de Lattre de Tassigny;94230;94016;Cachan;;;650914.33;6854700.08;2.331858;48.790517;entrée;;;CACHAN;AV DU MAL DE LATTRE DE TASSIGNY;inconnue;inconnue;0;940160000O0165;f65f6976-5374-4ba8-991e-d8466d6e3dce;24ecac26-9bc7-4c7f-b440-1e5c02b1c5bb;e1ce01e3-3ad8-4ae8-b38b-91ad0bc88d58;nearest;4.55;0.9;000;0O;0165
94016_6135_00005;94016_6135;5;;Av du Mal de Lattre de Tassigny;94230;94016;Cachan;;;650929.28;6854678.16;2.332064;48.790321;entrée;;;CACHAN;AV DU MAL DE LATTRE DE TASSIGNY;inconnue;inconnue;0;940160000O0165;a30b22a2-9075-45a7-bf44-6a709b258f26;24ecac26-9bc7-4c7f-b440-1e5c02b1c5bb;e1ce01e3-3ad8-4ae8-b38b-91ad0bc88d58;nearest;1.81;0.9;000;0O;0165
94016_6135_00006;94016_6135;6;;Av du Mal de Lattre de Tassigny;94230;94016;Cachan;;;650923.92;6854660.97;2.331993;48.790166;entrée;;;CACHAN;AV DU MAL DE LATTRE DE TASSIGNY;inconnue;inconnue;0;940160000O0078;f1fea5e2-67f8-4b1b-8f96-ad59df646c6a;24ecac26-9bc7-4c7f-b440-1e5c02b1c5bb;e1ce01e3-3ad8-4ae8-b38b-91ad0bc88d58;nearest;0.63;0.9;000;0O;0078
94016_6135_00008;94016_6135;8;;Av du Mal de Lattre de Tassigny;94230;94016;Cachan;;;650931.59;6854646.67;2.332099;48.790038;entrée;;;CACHAN;AV DU MAL DE LATTRE DE TASSIGNY;inconnue;inconnue;0;940160000O0103;a83134c5-90f1-47c6-b07e-df7034d5d6a1;24ecac26-9bc7-4c7f-b440-1e5c02b1c5bb;e1ce01e3-3ad8-4ae8-b38b-91ad0bc88d58;nearest;0.06;0.9;000;0O;0103
94016_6135_00010;94016_6135;10;;Av du Mal de Lattre de Tassigny;94230;94016;Cachan;;;650939.43;6854627.48;2.332208;48.789866;entrée;;;CACHAN;AV DU MAL DE LATTRE DE TASSIGNY;inconnue;inconnue;0;940160000O0079;4220b29a-5fe7-4c0b-95e7-b70e4080c899;24ecac26-9bc7-4c7f-b440-1e5c02b1c5bb;e1ce01e3-3ad8-4ae8-b38b-91ad0bc88d58;nearest;0.18;0.9;000;0O;0079
94016_6135_00012;94016_6135;12;;Av du Mal de Lattre de Tassigny;94230;94016;Cachan;;;650940.17;6854610.79;2.33222;48.789716;entrée;;;CACHAN;AV DU MAL DE LATTRE DE TASSIGNY;inconnue;inconnue;0;940160000O0080;9130ca14-b685-473d-bdc6-0ef22174a071;24ecac26-9bc7-4c7f-b440-1e5c02b1c5bb;e1ce01e3-3ad8-4ae8-b38b-91ad0bc88d58;nearest;0.02;0.9;000;0O;0080
94016_6135_00014;94016_6135;14;;Av du Mal de Lattre de Tassigny;94230;94016;Cachan;;;650937.71;6854597.25;2.332188;48.789594;entrée;;;CACHAN;AV DU MAL DE LATTRE DE TASSIGNY;inconnue;inconnue;0;940160000O0081;dc04b769-0b18-4c7c-89b1-c695b24e302c;24ecac26-9bc7-4c7f-b440-1e5c02b1c5bb;e1ce01e3-3ad8-4ae8-b38b-91ad0bc88d58;nearest;0.11;0.9;000;0O;0081
94016_6135_00016;94016_6135;16;;Av du Mal de Lattre de Tassigny;94230;94016;Cachan;;;650933.4;6854583.27;2.332131;48.789468;entrée;;;CACHAN;AV DU MAL DE LATTRE DE TASSIGNY;inconnue;inconnue;0;940160000O0082;80b4bdff-3893-4a65-a9d5-3e3a04eae20e;24ecac26-9bc7-4c7f-b440-1e5c02b1c5bb;e1ce01e3-3ad8-4ae8-b38b-91ad0bc88d58;nearest;0.17;0.9;000;0O;0082
94016_6135_00018;94016_6135;18;;Av du Mal de Lattre de Tassigny;94230;94016;Cachan;;;650930.03;6854575.19;2.332086;48.789395;entrée;;;CACHAN;AV DU MAL DE LATTRE DE TASSIGNY;inconnue;inconnue;0;940160000O0083;f5d2c644-e057-460e-9ad4-9f0a25e033b6;24ecac26-9bc7-4c7f-b440-1e5c02b1c5bb;e1ce01e3-3ad8-4ae8-b38b-91ad0bc88d58;nearest;0.22;0.9;000;0O;0083
94016_6135_00020;94016_6135;20;;Av du Mal de Lattre de Tassigny;94230;94016;Cachan;;;650940.89;6854495.48;2.332243;48.788679;entrée;;;CACHAN;AV DU MAL DE LATTRE DE TASSIGNY;inconnue;inconnue;0;940160000O0166;177bf826-568d-43c9-8763-4dda97d15b92;24ecac26-9bc7-4c7f-b440-1e5c02b1c5bb;e1ce01e3-3ad8-4ae8-b38b-91ad0bc88d58;within;0.0;1.0;000;0O;0166
94016_6135_00027;94016_6135;27;;Av du Mal de Lattre de Tassigny;94230;94016;Cachan;;;650972.77;6854451.4;2.332682;48.788285;entrée;;;CACHAN;AV DU MAL DE LATTRE DE TASSIGNY;inconnue;inconnue;0;940160000N0003;3025498c-f704-4fc8-a49a-8752da75df72;24ecac26-9bc7-4c7f-b440-1e5c02b1c5bb;e1ce01e3-3ad8-4ae8-b38b-91ad0bc88d58;nearest;1.93;0.9;000;0N;0003
94016_6135_00028;94016_6135;28;;Av du Mal de Lattre de Tassigny;94230;94016;Cachan;;;650948.9;6854487.3;2.332353;48.788606;entrée;;;CACHAN;AV DU MAL DE LATTRE DE TASSIGNY;inconnue;inconnue;0;940160000O0166;4a9f9e97-0774-42f3-aa10-f8f846a1af98;24ecac26-9bc7-4c7f-b440-1e5c02b1c5bb;e1ce01e3-3ad8-4ae8-b38b-91ad0bc88d58;within;0.0;1.0;000;0O;0166
94016_6135_00030;94016_6135;30;;Av du Mal de Lattre de Tassigny;94230;94016;Cachan;;;650963.31;6854357.41;2.332564;48.787439;entrée;;;CACHAN;AV DU MAL DE LATTRE DE TASSIGNY;inconnue;inconnue;0;940160000N0096;48fdba8e-fa46-4d84-a70a-6ca42c1b479b;24ecac26-9bc7-4c7f-b440-1e5c02b1c5bb;e1ce01e3-3ad8-4ae8-b38b-91ad0bc88d58;nearest;2.66;0.9;000;0N;0096
94016_6135_00031;94016_6135;31;;Av du Mal de Lattre de Tassigny;94230;94016;Cachan;;;651017.8;6854415.55;2.333299;48.787966;entrée;;;CACHAN;AV DU MAL DE LATTRE DE TASSIGNY;inconnue;inconnue;0;940160000N0003;e79bbe5e-b88f-421d-825f-93b663999254;24ecac26-9bc7-4c7f-b440-1e5c02b1c5bb;e1ce01e3-3ad8-4ae8-b38b-91ad0bc88d58;within;0.0;1.0;000;0N;0003
94016_6135_00032;94016_6135;32;;Av du Mal de Lattre de Tassigny;94230;94016;Cachan;;;650946.23;6854353.78;2.332332;48.787405;entrée;;;CACHAN;AV DU MAL DE LATTRE DE TASSIGNY;inconnue;inconnue;0;940160000N0096;a4053b60-f658-40d1-8cd1-3eda143153bd;24ecac26-9bc7-4c7f-b440-1e5c02b1c5bb;e1ce01e3-3ad8-4ae8-b38b-91ad0bc88d58;within;0.0;1.0;000;0N;0096
94016_6135_00033;94016_6135;33;;Av du Mal de Lattre de Tassigny;94230;94016;Cachan;;;650969.07;6854387.61;2.332639;48.787711;entrée;;;CACHAN;AV DU MAL DE LATTRE DE TASSIGNY;inconnue;inconnue;0;940160000N0003;a53e5358-f91d-4f62-b519-6ebeff74c7a3;24ecac26-9bc7-4c7f-b440-1e5c02b1c5bb;e1ce01e3-3ad8-4ae8-b38b-91ad0bc88d58;nearest;0.46;0.9;000;0N;0003
94016_6135_00034;94016_6135;34;;Av du Mal de Lattre de Tassigny;94230;94016;Cachan;;;650947.62;6854326.74;2.332354;48.787162;entrée;;;CACHAN;AV DU MAL DE LATTRE DE TASSIGNY;inconnue;inconnue;0;940160000N0096;74452542-c9df-403c-92b6-c6f4d19a4359;24ecac26-9bc7-4c7f-b440-1e5c02b1c5bb;e1ce01e3-3ad8-4ae8-b38b-91ad0bc88d58;within;0.0;1.0;000;0N;0096
94016_6135_00035;94016_6135;35;;Av du Mal de Lattre de Tassigny;94230;94016;Cachan;;;650970.4;6854371.25;2.332659;48.787564;entrée;;;CACHAN;AV DU MAL DE LATTRE DE TASSIGNY;inconnue;inconnue;0;940160000N0003;6b7185c9-67b4-4ea5-9eb3-954cc621bbc5;24ecac26-9bc7-4c7f-b440-1e5c02b1c5bb;e1ce01e3-3ad8-4ae8-b38b-91ad0bc88d58;nearest;0.29;0.9;000;0N;0003
94016_6135_00036;94016_6135;36;;Av du Mal de Lattre de Tassigny;94230;94016;Cachan;;;650949.01;6854299.82;2.332376;48.78692;entrée;;;CACHAN;AV DU MAL DE LATTRE DE TASSIGNY;inconnue;inconnue;0;940160000N0096;67de1048-c8d6-44e2-9380-51abf3dd471c;24ecac26-9bc7-4c7f-b440-1e5c02b1c5bb;e1ce01e3-3ad8-4ae8-b38b-91ad0bc88d58;within;0.0;1.0;000;0N;0096
94016_6135_00037;94016_6135;37;;Av du Mal de Lattre de Tassigny;94230;94016;Cachan;;;650971.59;6854354.9;2.332677;48.787417;entrée;;;CACHAN;AV DU MAL DE LATTRE DE TASSIGNY;inconnue;inconnue;0;940160000N0003;5e4e00ca-6cd0-472a-ab63-034b8fd3403f;24ecac26-9bc7-4c7f-b440-1e5c02b1c5bb;e1ce01e3-3ad8-4ae8-b38b-91ad0bc88d58;nearest;0.33;0.9;000;0N;0003
94016_6135_00038;94016_6135;38;;Av du Mal de Lattre de Tassigny;94230;94016;Cachan;;;650950.39;6854272.79;2.332398;48.786677;entrée;;;CACHAN;AV DU MAL DE LATTRE DE TASSIGNY;inconnue;inconnue;0;940160000N0096;0adad277-b445-4320-ba5c-ed925080ce1d;24ecac26-9bc7-4c7f-b440-1e5c02b1c5bb;e1ce01e3-3ad8-4ae8-b38b-91ad0bc88d58;within;0.0;1.0;000;0N;0096
94016_6135_00039;94016_6135;39;;Av du Mal de Lattre de Tassigny;94230;94016;Cachan;;;650972.49;6854339.88;2.332691;48.787282;entrée;;;CACHAN;AV DU MAL DE LATTRE DE TASSIGNY;inconnue;inconnue;0;940160000N0003;cbfc406e-1fba-4685-8eaf-fba9290c505f;24ecac26-9bc7-4c7f-b440-1e5c02b1c5bb;e1ce01e3-3ad8-4ae8-b38b-91ad0bc88d58;nearest;0.65;0.9;000;0N;0003
94016_6135_00040;94016_6135;40;;Av du Mal de Lattre de Tassigny;94230;94016;Cachan;;;650973.28;6854224.34;2.332715;48.786243;entrée;;;CACHAN;AV DU MAL DE LATTRE DE TASSIGNY;inconnue;inconnue;0;940160000N0096;0312c5f0-d971-47f7-aeed-4a35b09aaf34;24ecac26-9bc7-4c7f-b440-1e5c02b1c5bb;e1ce01e3-3ad8-4ae8-b38b-91ad0bc88d58;nearest;2.76;0.9;000;0N;0096
94016_6135_00041;94016_6135;41;;Av du Mal de Lattre de Tassigny;94230;94016;Cachan;;;650973.41;6854327.75;2.332705;48.787173;entrée;;;CACHAN;AV DU MAL DE LATTRE DE TASSIGNY;inconnue;inconnue;0;940160000N0003;950ce36c-3a80-45ba-ba6b-805511159218;24ecac26-9bc7-4c7f-b440-1e5c02b1c5bb;e1ce01e3-3ad8-4ae8-b38b-91ad0bc88d58;nearest;0.61;0.9;000;0N;0003
94016_6135_00043;94016_6135;43;;Av du Mal de Lattre de Tassigny;94230;94016;Cachan;;;650974.89;6854310.95;2.332727;48.787022;entrée;;;CACHAN;AV DU MAL DE LATTRE DE TASSIGNY;inconnue;inconnue;0;940160000N0003;be9fe13e-1466-4128-b989-c923a7c4f464;24ecac26-9bc7-4c7f-b440-1e5c02b1c5bb;e1ce01e3-3ad8-4ae8-b38b-91ad0bc88d58;nearest;0.26;0.9;000;0N;0003
94016_6135_00044;94016_6135;44;;Av du Mal de Lattre de Tassigny;94230;94016;Cachan;;;650977.82;6854162.7;2.332784;48.785689;entrée;;;CACHAN;AV DU MAL DE LATTRE DE TASSIGNY;inconnue;inconnue;0;94016000AF0011;a6699c7e-16c5-4c4d-b8a6-25eab6b68914;24ecac26-9bc7-4c7f-b440-1e5c02b1c5bb;e1ce01e3-3ad8-4ae8-b38b-91ad0bc88d58;nearest;1.82;0.9;000;AF;0011
94016_6135_00045;94016_6135;45;;Av du Mal de Lattre de Tassigny;94230;94016;Cachan;;;650976;6854294.15;2.332744;48.786871;entrée;;;CACHAN;AV DU MAL DE LATTRE DE TASSIGNY;inconnue;inconnue;0;940160000N0003;ea47bfe2-b423-4c2e-bfb8-4a679799a5f1;24ecac26-9bc7-4c7f-b440-1e5c02b1c5bb;e1ce01e3-3ad8-4ae8-b38b-91ad0bc88d58;nearest;0.47;0.9;000;0N;0003
94016_6135_00050;94016_6135;50;;Av du Mal de Lattre de Tassigny;94230;94016;Cachan;;;650981.39;6854115.42;2.332838;48.785264;entrée;;;CACHAN;AV DU MAL DE LATTRE DE TASSIGNY;inconnue;inconnue;0;94016000AF0008;003f0c2c-0a58-4c30-a3aa-6e6222afa751;24ecac26-9bc7-4c7f-b440-1e5c02b1c5bb;e1ce01e3-3ad8-4ae8-b38b-91ad0bc88d58;nearest;1.72;0.9;000;AF;0008
94016_6135_00051;94016_6135;51;;Av du Mal de Lattre de Tassigny;94230;94016;Cachan;;;650983.98;6854186.56;2.332865;48.785904;segment;;;CACHAN;AV DU MAL DE LATTRE DE TASSIGNY;inconnue;inconnue;0;;2f56b22a-87ba-48e0-aa4c-57dc3e200b00;24ecac26-9bc7-4c7f-b440-1e5c02b1c5bb;e1ce01e3-3ad8-4ae8-b38b-91ad0bc88d58;missing;;0.0;;;
94016_6135_00054;94016_6135;54;;Av du Mal de Lattre de Tassigny;94230;94016;Cachan;;;650984.53;6854078.25;2.332885;48.78493;entrée;;;CACHAN;AV DU MAL DE LATTRE DE TASSIGNY;inconnue;inconnue;0;94016000AF0169;9c3f7d54-b491-41ca-83cc-4810e27a3e2a;24ecac26-9bc7-4c7f-b440-1e5c02b1c5bb;e1ce01e3-3ad8-4ae8-b38b-91ad0bc88d58;nearest;2.08;0.9;000;AF;0169
94016_6135_00056;94016_6135;56;;Av du Mal de Lattre de Tassigny;94230;94016;Cachan;;;650985.69;6854058.89;2.332903;48.784756;entrée;;;CACHAN;AV DU MAL DE LATTRE DE TASSIGNY;inconnue;inconnue;0;94016000AF0117;0ecc7638-d6c7-4d5b-b069-6ef1f454cfd1;24ecac26-9bc7-4c7f-b440-1e5c02b1c5bb;e1ce01e3-3ad8-4ae8-b38b-91ad0bc88d58;nearest;2.12;0.9;000;AF;0117
94016_6135_00057;94016_6135;57;;Av du Mal de Lattre de Tassigny;94230;94016;Cachan;;;650992.42;6854073.07;2.332993;48.784884;entrée;;;CACHAN;AV DU MAL DE LATTRE DE TASSIGNY;inconnue;inconnue;0;94016000AF0016;bd4613d0-395b-499a-881b-cdeb92c16d4d;24ecac26-9bc7-4c7f-b440-1e5c02b1c5bb;e1ce01e3-3ad8-4ae8-b38b-91ad0bc88d58;nearest;0.45;0.9;000;AF;0016
94016_6135_00058;94016_6135;58;;Av du Mal de Lattre de Tassigny;94230;94016;Cachan;;;650986.69;6854046.88;2.332918;48.784648;entrée;;;CACHAN;AV DU MAL DE LATTRE DE TASSIGNY;inconnue;inconnue;0;94016000AF0118;5016f30b-5a5c-497c-b81d-2b2ed5b2a54a;24ecac26-9bc7-4c7f-b440-1e5c02b1c5bb;e1ce01e3-3ad8-4ae8-b38b-91ad0bc88d58;nearest;2.18;0.9;000;AF;0118
94016_6135_00059;94016_6135;59;;Av du Mal de Lattre de Tassigny;94230;94016;Cachan;;;650999.03;6854072.57;2.333083;48.78488;entrée;;;CACHAN;AV DU MAL DE LATTRE DE TASSIGNY;inconnue;inconnue;0;94016000AF0016;9772f82d-bac8-4250-b05a-625c7f51b262;24ecac26-9bc7-4c7f-b440-1e5c02b1c5bb;e1ce01e3-3ad8-4ae8-b38b-91ad0bc88d58;within;0.0;1.0;000;AF;0016
94016_6135_00060;94016_6135;60;;Av du Mal de Lattre de Tassigny;94230;94016;Cachan;;;650987.47;6854035.2;2.33293;48.784543;entrée;;;CACHAN;AV DU MAL DE LATTRE DE TASSIGNY;inconnue;inconnue;0;94016000AF0119;ab9f0e60-2018-48f7-b3f4-3c6c217135c9;24ecac26-9bc7-4c7f-b440-1e5c02b1c5bb;e1ce01e3-3ad8-4ae8-b38b-91ad0bc88d58;nearest;1.94;0.9;000;AF;0119
94016_6135_00061;94016_6135;61;;Av du Mal de Lattre de Tassigny;94230;94016;Cachan;;;650990.99;6854094.65;2.332971;48.785078;entrée;;;CACHAN;AV DU MAL DE LATTRE DE TASSIGNY;inconnue;inconnue;0;94016000AF0014;1f724aae-b454-4875-9948-2ebd402535dd;24ecac26-9bc7-4c7f-b440-1e5c02b1c5bb;e1ce01e3-3ad8-4ae8-b38b-91ad0bc88d58;nearest;0.12;0.9;000;AF;0014
94016_6135_00062;94016_6135;62;;Av du Mal de Lattre de Tassigny;94230;94016;Cachan;;;650988.18;6854022.51;2.332941;48.784429;entrée;;;CACHAN;AV DU MAL DE LATTRE DE TASSIGNY;inconnue;inconnue;0;94016000AF0120;fedf60bc-52e7-4553-b826-51b8ecab695a;24ecac26-9bc7-4c7f-b440-1e5c02b1c5bb;e1ce01e3-3ad8-4ae8-b38b-91ad0bc88d58;nearest;1.49;0.9;000;AF;0120
94016_6135_00063;94016_6135;63;;Av du Mal de Lattre de Tassigny;94230;94016;Cachan;;;650992.38;6854076.18;2.332992;48.784912;entrée;;;CACHAN;AV DU MAL DE LATTRE DE TASSIGNY;inconnue;inconnue;0;94016000AF0016;1e755223-cee9-4628-be80-77195c44622a;24ecac26-9bc7-4c7f-b440-1e5c02b1c5bb;e1ce01e3-3ad8-4ae8-b38b-91ad0bc88d58;nearest;0.16;0.9;000;AF;0016
94016_6135_00065;94016_6135;65;;Av du Mal de Lattre de Tassigny;94230;94016;Cachan;;;650997.53;6854043.01;2.333066;48.784614;entrée;;;CACHAN;AV DU MAL DE LATTRE DE TASSIGNY;inconnue;inconnue;0;94016000AF0022;26138f5d-60d2-4950-9556-d1e350ebdb60;24ecac26-9bc7-4c7f-b440-1e5c02b1c5bb;e1ce01e3-3ad8-4ae8-b38b-91ad0bc88d58;nearest;0.5;0.9;000;AF;0022
94016_6135_00069;94016_6135;69;;Av du Mal de Lattre de Tassigny;94230;94016;Cachan;;;650999.07;6854024.98;2.333089;48.784452;entrée;;;CACHAN;AV DU MAL DE LATTRE DE TASSIGNY;inconnue;inconnue;0;94016000AF0021;986ceb24-873c-42b5-a86c-fe8587c73fed;24ecac26-9bc7-4c7f-b440-1e5c02b1c5bb;e1ce01e3-3ad8-4ae8-b38b-91ad0bc88d58;nearest;0.26;0.9;000;AF;0021
94016_6135_00031_bis;94016_6135;31;bis;Av du Mal de Lattre de Tassigny;94230;94016;Cachan;;;651003.17;6854414.45;2.3331;48.787955;entrée;;;CACHAN;AV DU MAL DE LATTRE DE TASSIGNY;inconnue;inconnue;0;940160000N0003;f2587729-8f17-487f-a3c4-89c0649f4f04;24ecac26-9bc7-4c7f-b440-1e5c02b1c5bb;e1ce01e3-3ad8-4ae8-b38b-91ad0bc88d58;within;0.0;1.0;000;0N;0003
94016_6135_00069_bis;94016_6135;69;bis;Av du Mal de Lattre de Tassigny;94230;94016;Cachan;;;650999.6;6854017.41;2.333097;48.784384;entrée;;;CACHAN;AV DU MAL DE LATTRE DE TASSIGNY;inconnue;inconnue;0;94016000AF0021;816e36af-be00-412a-a653-1dbdfaf54745;24ecac26-9bc7-4c7f-b440-1e5c02b1c5bb;e1ce01e3-3ad8-4ae8-b38b-91ad0bc88d58;nearest;0.37;0.9;000;AF;0021
94016_6135_00069_ter;94016_6135;69;ter;Av du Mal de Lattre de Tassigny;94230;94016;Cachan;;;650999.52;6854017.3;2.333096;48.784383;entrée;;;CACHAN;AV DU MAL DE LATTRE DE TASSIGNY;inconnue;inconnue;0;94016000AF0021;efe56edf-7755-49e6-bd6d-a3a203053937;24ecac26-9bc7-4c7f-b440-1e5c02b1c5bb;e1ce01e3-3ad8-4ae8-b38b-91ad0bc88d58;nearest;0.5;0.9;000;AF;0021
94016_0020_00001;94016_0020;1;;Rue Amédée Picard;94230;94016;Cachan;;;650807.19;6854905.24;2.330376;48.792354;entrée;;;CACHAN;RUE AMEDEE PICARD;inconnue;inconnue;0;940160000Q0008;b58f8d0e-0963-4dc7-b169-d6267752aca0;23fc274d-252a-40e4-bc91-458b1ef918b1;e1ce01e3-3ad8-4ae8-b38b-91ad0bc88d58;nearest;0.32;0.9;000;0Q;0008
94016_0020_00002;94016_0020;2;;Rue Amédée Picard;94230;94016;Cachan;;;650927.07;6855051.11;2.331991;48.793675;entrée;;;CACHAN;RUE AMEDEE PICARD;inconnue;inconnue;0;940160000Q0133;aaf1055f-8203-445e-87b6-fb28f45e74b5;23fc274d-252a-40e4-bc91-458b1ef918b1;e1ce01e3-3ad8-4ae8-b38b-91ad0bc88d58;nearest;4.03;0.9;000;0Q;0133
94016_0020_00003;94016_0020;3;;Rue Amédée Picard;94230;94016;Cachan;;;650954.29;6855055.55;2.332361;48.793717;;;;CACHAN;RUE AMEDEE PICARD;arcep;inconnue;0;940160000Q0162;dead9eb1-4508-4944-803a-6ec019d719a1;23fc274d-252a-40e4-bc91-458b1ef918b1;e1ce01e3-3ad8-4ae8-b38b-91ad0bc88d58;within;0.0;1.0;000;0Q;0162
94016_0020_00005;94016_0020;5;;Rue Amédée Picard;94230;94016;Cachan;;;650925.49;6855029.45;2.331972;48.79348;entrée;;;CACHAN;RUE AMEDEE PICARD;inconnue;inconnue;0;940160000Q0303;992b1a5d-23a6-47a8-841c-0781b405ca4e;23fc274d-252a-40e4-bc91-458b1ef918b1;e1ce01e3-3ad8-4ae8-b38b-91ad0bc88d58;nearest;1.18;0.9;000;0Q;0303
94016_0020_00007;94016_0020;7;;Rue Amédée Picard;94230;94016;Cachan;;;650910.74;6855004.66;2.331774;48.793256;segment;;;CACHAN;RUE AMEDEE PICARD;inconnue;inconnue;0;940160000Q0109;185fca26-f427-4fe7-9ded-056da3d2b994;23fc274d-252a-40e4-bc91-458b1ef918b1;e1ce01e3-3ad8-4ae8-b38b-91ad0bc88d58;nearest;1.65;0.9;000;0Q;0109
94016_0020_00009;94016_0020;9;;Rue Amédée Picard;94230;94016;Cachan;;;650892.7;6854991.81;2.33153;48.793139;entrée;;;CACHAN;RUE AMEDEE PICARD;inconnue;inconnue;0;940160000Q0109;4f20cdfc-ec96-48ca-97d1-29efa1481dfc;23fc274d-252a-40e4-bc91-458b1ef918b1;e1ce01e3-3ad8-4ae8-b38b-91ad0bc88d58;nearest;0.54;0.9;000;0Q;0109
94016_0020_00011;94016_0020;11;;Rue Amédée Picard;94230;94016;Cachan;;;650881.38;6854981.78;2.331377;48.793048;entrée;;;CACHAN;RUE AMEDEE PICARD;inconnue;inconnue;0;940160000Q0198;e1bd2d17-92c9-48ee-a634-675966751317;23fc274d-252a-40e4-bc91-458b1ef918b1;e1ce01e3-3ad8-4ae8-b38b-91ad0bc88d58;nearest;0.4;0.9;000;0Q;0198
94016_0020_00019;94016_0020;19;;Rue Amédée Picard;94230;94016;Cachan;;;650848.51;6854934.58;2.330935;48.792621;entrée;;;CACHAN;RUE AMEDEE PICARD;inconnue;inconnue;0;940160000Q0315;66c39976-3165-4ae5-af08-6e91dea60b55;23fc274d-252a-40e4-bc91-458b1ef918b1;e1ce01e3-3ad8-4ae8-b38b-91ad0bc88d58;nearest;3.1;0.9;000;0Q;0315
94016_0020_00023;94016_0020;23;;Rue Amédée Picard;94230;94016;Cachan;;;650829.73;6854903.5;2.330683;48.79234;segment;;;CACHAN;RUE AMEDEE PICARD;inconnue;inconnue;0;940160000Q0315;859e7f4b-4497-4fc0-9ee0-1a98b55eb8d5;23fc274d-252a-40e4-bc91-458b1ef918b1;e1ce01e3-3ad8-4ae8-b38b-91ad0bc88d58;nearest;1.6;0.9;000;0Q;0315
94016_0020_00025;94016_0020;25;;Rue Amédée Picard;94230;94016;Cachan;;;650807.16;6854867.55;2.33038;48.792015;entrée;;;CACHAN;RUE AMEDEE PICARD;inconnue;inconnue;0;940160000Q0289;2c6dab67-7579-4e29-b40c-0235736a92bd;23fc274d-252a-40e4-bc91-458b1ef918b1;e1ce01e3-3ad8-4ae8-b38b-91ad0bc88d58;within;0.0;1.0;000;0Q;0289
94016_1440_00003;94016_1440;3;;Rue du Chemin de Fer;94230;94016;Cachan;;;650863.5;6855698.8;2.331051;48.799495;entrée;;;CACHAN;RUE DU CHEMIN DE FER;inconnue;inconnue;0;940160000B0052;1dbf70bc-3115-40ea-bf8f-11cad12b8ef7;766fd978-5c78-48ed-9479-170aee35c687;e1ce01e3-3ad8-4ae8-b38b-91ad0bc88d58;nearest;0.11;0.9;000;0B;0052
94016_1440_00005;94016_1440;5;;Rue du Chemin de Fer;94230;94016;Cachan;;;650852.72;6855700.44;2.330904;48.799509;entrée;;;CACHAN;RUE DU CHEMIN DE FER;inconnue;inconnue;0;940160000B0051;152e8714-02a3-47e2-889b-93ce4ce07188;766fd978-5c78-48ed-9479-170aee35c687;e1ce01e3-3ad8-4ae8-b38b-91ad0bc88d58;nearest;0.07;0.9;000;0B;0051
94016_1440_00007;94016_1440;7;;Rue du Chemin de Fer;94230;94016;Cachan;;;650841.5;6855702.21;2.330751;48.799524;entrée;;;CACHAN;RUE DU CHEMIN DE FER;inconnue;inconnue;0;940160000B0050;2995310e-522f-4185-ba7e-c4927de93aa8;766fd978-5c78-48ed-9479-170aee35c687;e1ce01e3-3ad8-4ae8-b38b-91ad0bc88d58;nearest;0.07;0.9;000;0B;0050
94016_1440_00009;94016_1440;9;;Rue du Chemin de Fer;94230;94016;Cachan;;;650833.43;6855703.5;2.330641;48.799535;entrée;;;CACHAN;RUE DU CHEMIN DE FER;inconnue;inconnue;0;940160000B0049;df3982d0-d2eb-438f-92a8-8b55bc058b35;766fd978-5c78-48ed-9479-170aee35c687;e1ce01e3-3ad8-4ae8-b38b-91ad0bc88d58;nearest;0.09;0.9;000;0B;0049
94016_1440_00011;94016_1440;11;;Rue du Chemin de Fer;94230;94016;Cachan;;;650819.49;6855705.73;2.330451;48.799554;entrée;;;CACHAN;RUE DU CHEMIN DE FER;inconnue;inconnue;0;940160000B0047;9e9de1d3-df25-4186-9d44-8907fdbfa9a1;766fd978-5c78-48ed-9479-170aee35c687;e1ce01e3-3ad8-4ae8-b38b-91ad0bc88d58;nearest;0.07;0.9;000;0B;0047
94016_1440_00015;94016_1440;15;;Rue du Chemin de Fer;94230;94016;Cachan;;;650801.81;6855708.77;2.33021;48.79958;entrée;;;CACHAN;RUE DU CHEMIN DE FER;inconnue;inconnue;0;940160000B0046;8c6e1fcf-3272-4ef7-a705-ac1df487420e;766fd978-5c78-48ed-9479-170aee35c687;e1ce01e3-3ad8-4ae8-b38b-91ad0bc88d58;nearest;0.26;0.9;000;0B;0046
94016_1440_00017;94016_1440;17;;Rue du Chemin de Fer;94230;94016;Cachan;;;650760.87;6855714.46;2.329652;48.799628;entrée;;;CACHAN;RUE DU CHEMIN DE FER;inconnue;inconnue;0;940160000B0040;ff31c1a4-397a-4c8d-a805-a335bb106d45;766fd978-5c78-48ed-9479-170aee35c687;e1ce01e3-3ad8-4ae8-b38b-91ad0bc88d58;nearest;0.3;0.9;000;0B;0040
94016_1440_00009_bis;94016_1440;9;bis;Rue du Chemin de Fer;94230;94016;Cachan;;;650826.39;6855704.89;2.330545;48.799547;entrée;;;CACHAN;RUE DU CHEMIN DE FER;inconnue;inconnue;0;940160000B0048;7268a8dd-b020-4443-904d-fa9c79a3572b;766fd978-5c78-48ed-9479-170aee35c687;e1ce01e3-3ad8-4ae8-b38b-91ad0bc88d58;nearest;0.35;0.9;000;0B;0048
94016_5140_00002;94016_5140;2;;Rue des Lilas;94230;94016;Cachan;;;650513.42;6854743.96;2.326396;48.790881;entrée;;;CACHAN;RUE DES LILAS;inconnue;inconnue;0;940160000I0216;45dc8489-7acb-47c0-b155-be39effccdd9;d0375d71-72e7-4bb2-a0be-8297b985d244;e1ce01e3-3ad8-4ae8-b38b-91ad0bc88d58;nearest;1.72;0.9;000;0I;0216
94016_5140_00003;94016_5140;3;;Rue des Lilas;94230;94016;Cachan;;;650521.59;6854737.55;2.326508;48.790824;entrée;;;CACHAN;RUE DES LILAS;inconnue;inconnue;0;940160000I0183;2638fedf-0535-4269-9551-382380adc660;d0375d71-72e7-4bb2-a0be-8297b985d244;e1ce01e3-3ad8-4ae8-b38b-91ad0bc88d58;nearest;0.01;0.9;000;0I;0183
94016_5140_00004;94016_5140;4;;Rue des Lilas;94230;94016;Cachan;;;650495.38;6854739.33;2.326151;48.790838;entrée;;;CACHAN;RUE DES LILAS;inconnue;inconnue;0;940160000I0133;845022b6-9a25-4092-806f-b2f75cf6f9f4;d0375d71-72e7-4bb2-a0be-8297b985d244;e1ce01e3-3ad8-4ae8-b38b-91ad0bc88d58;nearest;1.16;0.9;000;0I;0133
94016_5140_00005;94016_5140;5;;Rue des Lilas;94230;94016;Cachan;;;650510.32;6854734.42;2.326355;48.790795;entrée;;;CACHAN;RUE DES LILAS;inconnue;inconnue;0;940160000I0182;7b64ea9b-3429-46b3-861a-eb5d2db67727;d0375d71-72e7-4bb2-a0be-8297b985d244;e1ce01e3-3ad8-4ae8-b38b-91ad0bc88d58;nearest;0.1;0.9;000;0I;0182
94016_5140_00006;94016_5140;6;;Rue des Lilas;94230;94016;Cachan;;;650478.58;6854734.36;2.325923;48.790792;entrée;;;CACHAN;RUE DES LILAS;inconnue;inconnue;0;940160000I0134;06b5b4b5-43ff-4268-8a48-01dde5b3f2d8;d0375d71-72e7-4bb2-a0be-8297b985d244;e1ce01e3-3ad8-4ae8-b38b-91ad0bc88d58;nearest;1.31;0.9;000;0I;0134
94016_5140_00007;94016_5140;7;;Rue des Lilas;94230;94016;Cachan;;;650499.86;6854731.4;2.326213;48.790767;entrée;;;CACHAN;RUE DES LILAS;inconnue;inconnue;0;940160000I0181;f9ef63bb-d7df-4e8a-8388-a6708108f98b;d0375d71-72e7-4bb2-a0be-8297b985d244;e1ce01e3-3ad8-4ae8-b38b-91ad0bc88d58;nearest;0.07;0.9;000;0I;0181
94016_5140_00008;94016_5140;8;;Rue des Lilas;94230;94016;Cachan;;;650468.42;6854731.22;2.325785;48.790763;entrée;;;CACHAN;RUE DES LILAS;inconnue;inconnue;0;940160000I0135;4af10aab-686d-4678-91b2-e6e24a67a0c5;d0375d71-72e7-4bb2-a0be-8297b985d244;e1ce01e3-3ad8-4ae8-b38b-91ad0bc88d58;nearest;1.54;0.9;000;0I;0135
94016_5140_00009;94016_5140;9;;Rue des Lilas;94230;94016;Cachan;;;650489.63;6854728.37;2.326074;48.790739;entrée;;;CACHAN;RUE DES LILAS;inconnue;inconnue;0;940160000I0180;aa0b3bde-9487-4d76-a0dd-5de84c1bacfb;d0375d71-72e7-4bb2-a0be-8297b985d244;e1ce01e3-3ad8-4ae8-b38b-91ad0bc88d58;nearest;0.01;0.9;000;0I;0180
94016_5140_00010;94016_5140;10;;Rue des Lilas;94230;94016;Cachan;;;650457.6;6854728.53;2.325638;48.790738;entrée;;;CACHAN;RUE DES LILAS;inconnue;inconnue;0;940160000I0136;dce2717e-e6d0-4052-82cd-1499480d0aa3;d0375d71-72e7-4bb2-a0be-8297b985d244;e1ce01e3-3ad8-4ae8-b38b-91ad0bc88d58;nearest;1.11;0.9;000;0I;0136
94016_5140_00011;94016_5140;11;;Rue des Lilas;94230;94016;Cachan;;;650478.58;6854725.35;2.325924;48.790711;entrée;;;CACHAN;RUE DES LILAS;inconnue;inconnue;0;940160000I0179;4b5bd46d-de0c-4127-9dfb-bca846691f73;d0375d71-72e7-4bb2-a0be-8297b985d244;e1ce01e3-3ad8-4ae8-b38b-91ad0bc88d58;nearest;0.16;0.9;000;0I;0179
94016_5140_00012;94016_5140;12;;Rue des Lilas;94230;94016;Cachan;;;650446.99;6854725.4;2.325494;48.790709;entrée;;;CACHAN;RUE DES LILAS;inconnue;inconnue;0;940160000I0137;c40de8d0-8e03-4c8e-89f0-8f7e14958c61;d0375d71-72e7-4bb2-a0be-8297b985d244;e1ce01e3-3ad8-4ae8-b38b-91ad0bc88d58;nearest;1.2;0.9;000;0I;0137
94016_5140_00013;94016_5140;13;;Rue des Lilas;94230;94016;Cachan;;;650468.78;6854722.54;2.325791;48.790685;entrée;;;CACHAN;RUE DES LILAS;inconnue;inconnue;0;940160000I0178;e7673915-4f11-41be-86ba-48b228f1b552;d0375d71-72e7-4bb2-a0be-8297b985d244;e1ce01e3-3ad8-4ae8-b38b-91ad0bc88d58;nearest;0.16;0.9;000;0I;0178
94016_5140_00014;94016_5140;14;;Rue des Lilas;94230;94016;Cachan;;;650432.48;6854721.3;2.325297;48.790671;entrée;;;CACHAN;RUE DES LILAS;inconnue;inconnue;0;940160000I0138;accfcf89-de9d-4429-804c-137cbe8b789a;d0375d71-72e7-4bb2-a0be-8297b985d244;e1ce01e3-3ad8-4ae8-b38b-91ad0bc88d58;nearest;1.14;0.9;000;0I;0138
94016_5140_00015;94016_5140;15;;Rue des Lilas;94230;94016;Cachan;;;650456.71;6854718.98;2.325627;48.790652;entrée;;;CACHAN;RUE DES LILAS;inconnue;inconnue;0;940160000I0177;a0db96ee-316e-4435-97b3-d6f269e2c17d;d0375d71-72e7-4bb2-a0be-8297b985d244;e1ce01e3-3ad8-4ae8-b38b-91ad0bc88d58;nearest;0.09;0.9;000;0I;0177
94016_5140_00016;94016_5140;16;;Rue des Lilas;94230;94016;Cachan;;;650416.13;6854717.1;2.325075;48.790632;segment;;;CACHAN;RUE DES LILAS;inconnue;inconnue;0;940160000I0121;558964df-eb56-4922-bf17-f62201d7fbf4;d0375d71-72e7-4bb2-a0be-8297b985d244;e1ce01e3-3ad8-4ae8-b38b-91ad0bc88d58;nearest;0.65;0.9;000;0I;0121
94016_5140_00017;94016_5140;17;;Rue des Lilas;94230;94016;Cachan;;;650446.47;6854716.06;2.325488;48.790625;entrée;;;CACHAN;RUE DES LILAS;inconnue;inconnue;0;940160000I0176;6b1cedf5-8e62-4d9f-8ed4-f9481e9edeb1;d0375d71-72e7-4bb2-a0be-8297b985d244;e1ce01e3-3ad8-4ae8-b38b-91ad0bc88d58;nearest;0.13;0.9;000;0I;0176
94016_5140_00019;94016_5140;19;;Rue des Lilas;94230;94016;Cachan;;;650435.57;6854712.93;2.32534;48.790596;entrée;;;CACHAN;RUE DES LILAS;inconnue;inconnue;0;940160000I0145;4a510bec-1735-4f09-afa4-8c14f23a1393;d0375d71-72e7-4bb2-a0be-8297b985d244;e1ce01e3-3ad8-4ae8-b38b-91ad0bc88d58;nearest;0.1;0.9;000;0I;0145
94016_5140_00021;94016_5140;21;;Rue des Lilas;94230;94016;Cachan;;;650424.08;6854709.58;2.325184;48.790565;entrée;;;CACHAN;RUE DES LILAS;inconnue;inconnue;0;940160000I0144;89d31c46-b245-4d16-b54b-90b2da9cb37a;d0375d71-72e7-4bb2-a0be-8297b985d244;e1ce01e3-3ad8-4ae8-b38b-91ad0bc88d58;nearest;0.08;0.9;000;0I;0144
94016_5140_00022;94016_5140;22;;Rue des Lilas;94230;94016;Cachan;;;650358.9;6854700.13;2.324298;48.790475;entrée;;;CACHAN;RUE DES LILAS;inconnue;inconnue;0;940160000I0102;1285cadc-14c3-40c8-98e2-860445abca9f;d0375d71-72e7-4bb2-a0be-8297b985d244;e1ce01e3-3ad8-4ae8-b38b-91ad0bc88d58;nearest;1.14;0.9;000;0I;0102
94016_5140_00024;94016_5140;24;;Rue des Lilas;94230;94016;Cachan;;;650346.9;6854696.68;2.324135;48.790443;entrée;;;CACHAN;RUE DES LILAS;inconnue;inconnue;0;940160000I0103;9ff18724-5578-4678-94db-1ac2dcf28f57;d0375d71-72e7-4bb2-a0be-8297b985d244;e1ce01e3-3ad8-4ae8-b38b-91ad0bc88d58;nearest;1.19;0.9;000;0I;0103
94016_5140_00026;94016_5140;26;;Rue des Lilas;94230;94016;Cachan;;;650335.41;6854693.33;2.323979;48.790412;entrée;;;CACHAN;RUE DES LILAS;inconnue;inconnue;0;940160000I0104;707e33b3-a87b-4ca2-8d5a-1312a0037df0;d0375d71-72e7-4bb2-a0be-8297b985d244;e1ce01e3-3ad8-4ae8-b38b-91ad0bc88d58;nearest;1.22;0.9;000;0I;0104
94016_5140_00027;94016_5140;27;;Rue des Lilas;94230;94016;Cachan;;;650364.13;6854692.19;2.32437;48.790404;entrée;;;CACHAN;RUE DES LILAS;inconnue;inconnue;0;940160000I0117;760de9ef-429f-4eeb-8287-f45b99dfe849;d0375d71-72e7-4bb2-a0be-8297b985d244;e1ce01e3-3ad8-4ae8-b38b-91ad0bc88d58;within;0.0;1.0;000;0I;0117
94016_5140_00028;94016_5140;28;;Rue des Lilas;94230;94016;Cachan;;;650323.7;6854689.87;2.32382;48.79038;entrée;;;CACHAN;RUE DES LILAS;inconnue;inconnue;0;940160000I0105;03dbf63b-1cda-4d58-9945-29da53412302;d0375d71-72e7-4bb2-a0be-8297b985d244;e1ce01e3-3ad8-4ae8-b38b-91ad0bc88d58;nearest;1.25;0.9;000;0I;0105
94016_5140_00029;94016_5140;29;;Rue des Lilas;94230;94016;Cachan;;;650352.71;6854688.96;2.324215;48.790374;entrée;;;CACHAN;RUE DES LILAS;inconnue;inconnue;0;940160000I0116;5574afb4-e692-4655-8222-2cc25c7bd30f;d0375d71-72e7-4bb2-a0be-8297b985d244;e1ce01e3-3ad8-4ae8-b38b-91ad0bc88d58;within;0.0;1.0;000;0I;0116
94016_5140_00030;94016_5140;30;;Rue des Lilas;94230;94016;Cachan;;;650313.17;6854686.85;2.323677;48.790352;entrée;;;CACHAN;RUE DES LILAS;inconnue;inconnue;0;940160000I0106;7c0a23fd-0497-41cf-9467-aacc59de5622;d0375d71-72e7-4bb2-a0be-8297b985d244;e1ce01e3-3ad8-4ae8-b38b-91ad0bc88d58;nearest;1.23;0.9;000;0I;0106
94016_5140_00031;94016_5140;31;;Rue des Lilas;94230;94016;Cachan;;;650341.66;6854685.94;2.324065;48.790346;entrée;;;CACHAN;RUE DES LILAS;inconnue;inconnue;0;940160000I0115;6963690e-5346-49a9-8dbc-3c0724fb65dc;d0375d71-72e7-4bb2-a0be-8297b985d244;e1ce01e3-3ad8-4ae8-b38b-91ad0bc88d58;nearest;0.1;0.9;000;0I;0115
94016_5140_00032;94016_5140;32;;Rue des Lilas;94230;94016;Cachan;;;650302.41;6854683.83;2.323531;48.790324;entrée;;;CACHAN;RUE DES LILAS;inconnue;inconnue;0;940160000I0107;e0fca1b3-ea61-48b1-8ee6-080fca05d8ef;d0375d71-72e7-4bb2-a0be-8297b985d244;e1ce01e3-3ad8-4ae8-b38b-91ad0bc88d58;nearest;1.13;0.9;000;0I;0107
94016_5140_00033;94016_5140;33;;Rue des Lilas;94230;94016;Cachan;;;650330.69;6854682.81;2.323916;48.790317;entrée;;;CACHAN;RUE DES LILAS;inconnue;inconnue;0;940160000I0113;6ffac822-4894-41f6-afbb-4ce8aabc195b;d0375d71-72e7-4bb2-a0be-8297b985d244;e1ce01e3-3ad8-4ae8-b38b-91ad0bc88d58;nearest;0.14;0.9;000;0I;0113
94016_5140_00034;94016_5140;34;;Rue des Lilas;94230;94016;Cachan;;;650290.41;6854680.26;2.323368;48.790291;entrée;;;CACHAN;RUE DES LILAS;inconnue;inconnue;0;940160000I0108;adbeed7f-8bd6-42e2-860a-c158b8b21d04;d0375d71-72e7-4bb2-a0be-8297b985d244;e1ce01e3-3ad8-4ae8-b38b-91ad0bc88d58;nearest;1.22;0.9;000;0I;0108
94016_5140_00035;94016_5140;35;;Rue des Lilas;94230;94016;Cachan;;;650317.8;6854679.02;2.323741;48.790282;entrée;;;CACHAN;RUE DES LILAS;inconnue;inconnue;0;940160000I0112;370c2771-cbdd-47c8-907f-eecca6f0d366;d0375d71-72e7-4bb2-a0be-8297b985d244;e1ce01e3-3ad8-4ae8-b38b-91ad0bc88d58;nearest;0.07;0.9;000;0I;0112
94016_5140_00036;94016_5140;36;;Rue des Lilas;94230;94016;Cachan;;;650279.88;6854677.35;2.323225;48.790264;entrée;;;CACHAN;RUE DES LILAS;inconnue;inconnue;0;940160000I0022;38726aa0-79a7-4138-bf1c-517b66ea2723;d0375d71-72e7-4bb2-a0be-8297b985d244;e1ce01e3-3ad8-4ae8-b38b-91ad0bc88d58;nearest;1.13;0.9;000;0I;0022
94016_5140_00037;94016_5140;37;;Rue des Lilas;94230;94016;Cachan;;;650304.91;6854675.35;2.323566;48.790248;entrée;;;CACHAN;RUE DES LILAS;inconnue;inconnue;0;940160000I0051;dfdb6dc3-c3f1-4cc4-8baa-783ac48d1983;d0375d71-72e7-4bb2-a0be-8297b985d244;e1ce01e3-3ad8-4ae8-b38b-91ad0bc88d58;nearest;0.1;0.9;000;0I;0051
94016_5140_00039;94016_5140;39;;Rue des Lilas;94230;94016;Cachan;;;650290.4;6854671.14;2.323369;48.790209;entrée;;;CACHAN;RUE DES LILAS;inconnue;inconnue;0;940160000I0052;c1b8edf1-24bd-4863-812e-70b1a50aa5ea;d0375d71-72e7-4bb2-a0be-8297b985d244;e1ce01e3-3ad8-4ae8-b38b-91ad0bc88d58;nearest;0.08;0.9;000;0I;0052
94016_5140_00041;94016_5140;41;;Rue des Lilas;94230;94016;Cachan;;;650274.2;6854666.5;2.323149;48.790166;entrée;;;CACHAN;RUE DES LILAS;inconnue;inconnue;0;940160000I0053;897c3d4a-5551-44f6-a363-057067d67c11;d0375d71-72e7-4bb2-a0be-8297b985d244;e1ce01e3-3ad8-4ae8-b38b-91ad0bc88d58;nearest;0.09;0.9;000;0I;0053
94016_4130_00002;94016_4130;2;;Impasse des Garennes;94230;94016;Cachan;;;651540.21;6855402.22;2.340297;48.796879;entrée;;;CACHAN;IMPASSE DES GARENNES;inconnue;inconnue;0;940160000V0204;a275aa29-0f9c-4943-8731-9490f37e1ccc;7c4d9663-9be2-4da9-9dc5-8c8d251b3099;e1ce01e3-3ad8-4ae8-b38b-91ad0bc88d58;nearest;1.31;0.9;000;0V;0204
94016_4130_00003;94016_4130;3;;Impasse des Garennes;94230;94016;Cachan;;;651535.88;6855402.93;2.340238;48.796885;entrée;;;CACHAN;IMPASSE DES GARENNES;inconnue;inconnue;0;940160000V0010;23ea0f1b-13a0-4a60-84b2-967e47365161;7c4d9663-9be2-4da9-9dc5-8c8d251b3099;e1ce01e3-3ad8-4ae8-b38b-91ad0bc88d58;nearest;0.22;0.9;000;0V;0010
94016_4130_00005;94016_4130;5;;Impasse des Garennes;94230;94016;Cachan;;;651519.49;6855411.4;2.340014;48.79696;entrée;;;CACHAN;IMPASSE DES GARENNES;inconnue;inconnue;0;940160000V0011;60595402-507f-459e-a672-9d8b5fe90461;7c4d9663-9be2-4da9-9dc5-8c8d251b3099;e1ce01e3-3ad8-4ae8-b38b-91ad0bc88d58;nearest;0.25;0.9;000;0V;0011
94016_4130_00007;94016_4130;7;;Impasse des Garennes;94230;94016;Cachan;;;651510.79;6855415.37;2.339895;48.796995;entrée;;;CACHAN;IMPASSE DES GARENNES;inconnue;inconnue;0;940160000V0012;df391c18-f502-480a-907b-91076aa34d7c;7c4d9663-9be2-4da9-9dc5-8c8d251b3099;e1ce01e3-3ad8-4ae8-b38b-91ad0bc88d58;nearest;0.02;0.9;000;0V;0012
94016_4130_00009;94016_4130;9;;Impasse des Garennes;94230;94016;Cachan;;;651502.37;6855419.55;2.33978;48.797032;entrée;;;CACHAN;IMPASSE DES GARENNES;inconnue;inconnue;0;940160000V0013;91043d9d-45a8-439b-8c56-6f6cb22d80ec;7c4d9663-9be2-4da9-9dc5-8c8d251b3099;e1ce01e3-3ad8-4ae8-b38b-91ad0bc88d58;nearest;0.12;0.9;000;0V;0013
94016_4130_00011;94016_4130;11;;Impasse des Garennes;94230;94016;Cachan;;;651493.59;6855423.85;2.33966;48.79707;entrée;;;CACHAN;IMPASSE DES GARENNES;inconnue;inconnue;0;940160000V0014;f5818306-5f1f-4064-9f4a-90c660b92ce1;7c4d9663-9be2-4da9-9dc5-8c8d251b3099;e1ce01e3-3ad8-4ae8-b38b-91ad0bc88d58;nearest;0.14;0.9;000;0V;0014
94016_4130_00013;94016_4130;13;;Impasse des Garennes;94230;94016;Cachan;;;651484.52;6855428.26;2.339536;48.797109;entrée;;;CACHAN;IMPASSE DES GARENNES;inconnue;inconnue;0;940160000V0015;d9390019-f67a-4cf0-b629-3d814d7af1dc;7c4d9663-9be2-4da9-9dc5-8c8d251b3099;e1ce01e3-3ad8-4ae8-b38b-91ad0bc88d58;within;0.0;1.0;000;0V;0015
94016_4130_00017;94016_4130;17;;Impasse des Garennes;94230;94016;Cachan;;;651460.01;6855440.36;2.339201;48.797216;entrée;;;CACHAN;IMPASSE DES GARENNES;inconnue;inconnue;0;940160000V0017;ca7dc1c1-a37d-4c33-b440-441463fe6540;7c4d9663-9be2-4da9-9dc5-8c8d251b3099;e1ce01e3-3ad8-4ae8-b38b-91ad0bc88d58;within;0.0;1.0;000;0V;0017
94016_4130_00019;94016_4130;19;;Impasse des Garennes;94230;94016;Cachan;;;651451.31;6855444.66;2.339082;48.797254;entrée;;;CACHAN;IMPASSE DES GARENNES;inconnue;inconnue;0;940160000V0018;d20151ca-a25b-4c32-82e9-6931eff2ace1;7c4d9663-9be2-4da9-9dc5-8c8d251b3099;e1ce01e3-3ad8-4ae8-b38b-91ad0bc88d58;within;0.0;1.0;000;0V;0018
94016_1436_00002;94016_1436;2;;Villa de Chateaubriand;94230;94016;Cachan;;;650430.98;6855646.21;2.325169;48.798989;entrée;;;CACHAN;VILLA DE CHATEAUBRIAND;inconnue;inconnue;0;940160000C0030;a4d55922-06f3-419a-88e0-1e0810f9cc63;965ced15-7710-4940-ac4a-37330909bd29;e1ce01e3-3ad8-4ae8-b38b-91ad0bc88d58;nearest;1.36;0.9;000;0C;0030
94016_1436_00003;94016_1436;3;;Villa de Chateaubriand;94230;94016;Cachan;;;650428.09;6855626.22;2.325132;48.798809;entrée;;;CACHAN;VILLA DE CHATEAUBRIAND;inconnue;inconnue;0;940160000C0041;5c925d50-527d-464e-b4a7-cdddaf2f3706;965ced15-7710-4940-ac4a-37330909bd29;e1ce01e3-3ad8-4ae8-b38b-91ad0bc88d58;nearest;0.35;0.9;000;0C;0041
94016_1436_00004;94016_1436;4;;Villa de Chateaubriand;94230;94016;Cachan;;;650420.38;6855626.62;2.325027;48.798812;entrée;;;CACHAN;VILLA DE CHATEAUBRIAND;inconnue;inconnue;0;940160000C0032;3de385f9-4f78-4a96-97d2-5b14b3d55a1e;965ced15-7710-4940-ac4a-37330909bd29;e1ce01e3-3ad8-4ae8-b38b-91ad0bc88d58;nearest;0.89;0.9;000;0C;0032
94016_1436_00005;94016_1436;5;;Villa de Chateaubriand;94230;94016;Cachan;;;650425.33;6855620.91;2.325095;48.798761;entrée;;;CACHAN;VILLA DE CHATEAUBRIAND;inconnue;inconnue;0;940160000C0040;b0d5eed7-8815-4c67-af19-56508e6f28d6;965ced15-7710-4940-ac4a-37330909bd29;e1ce01e3-3ad8-4ae8-b38b-91ad0bc88d58;nearest;0.41;0.9;000;0C;0040
94016_1436_00006;94016_1436;6;;Villa de Chateaubriand;94230;94016;Cachan;;;650417.02;6855620.2;2.324982;48.798754;entrée;;;CACHAN;VILLA DE CHATEAUBRIAND;inconnue;inconnue;0;940160000C0033;2f827267-a748-4f47-9136-b243a085ce80;965ced15-7710-4940-ac4a-37330909bd29;e1ce01e3-3ad8-4ae8-b38b-91ad0bc88d58;nearest;0.88;0.9;000;0C;0033
94016_1436_00007;94016_1436;7;;Villa de Chateaubriand;94230;94016;Cachan;;;650421.22;6855613.05;2.32504;48.79869;entrée;;;CACHAN;VILLA DE CHATEAUBRIAND;inconnue;inconnue;0;940160000C0039;aa957307-2113-4997-b090-333e79bd66f6;965ced15-7710-4940-ac4a-37330909bd29;e1ce01e3-3ad8-4ae8-b38b-91ad0bc88d58;nearest;0.47;0.9;000;0C;0039
94016_1436_00008;94016_1436;8;;Villa de Chateaubriand;94230;94016;Cachan;;;650414.63;6855614.77;2.32495;48.798705;entrée;;;CACHAN;VILLA DE CHATEAUBRIAND;inconnue;inconnue;0;940160000C0034;e8d3704e-6e94-452f-96e4-a68e1258abc8;965ced15-7710-4940-ac4a-37330909bd29;e1ce01e3-3ad8-4ae8-b38b-91ad0bc88d58;nearest;1.4;0.9;000;0C;0034
94016_1436_00009;94016_1436;9;;Villa de Chateaubriand;94230;94016;Cachan;;;650416.89;6855604.75;2.324982;48.798615;entrée;;;CACHAN;VILLA DE CHATEAUBRIAND;inconnue;inconnue;0;940160000C0038;c4d678b3-924d-4167-abdf-7937a9854f9b;965ced15-7710-4940-ac4a-37330909bd29;e1ce01e3-3ad8-4ae8-b38b-91ad0bc88d58;nearest;0.49;0.9;000;0C;0038
94016_1436_00010;94016_1436;10;;Villa de Chateaubriand;94230;94016;Cachan;;;650410.81;6855607.25;2.324899;48.798637;entrée;;;CACHAN;VILLA DE CHATEAUBRIAND;inconnue;inconnue;0;940160000C0035;9077429b-3b78-46da-b5c3-9021d48cbc09;965ced15-7710-4940-ac4a-37330909bd29;e1ce01e3-3ad8-4ae8-b38b-91ad0bc88d58;nearest;1.52;0.9;000;0C;0035
94016_1436_00011;94016_1436;11;;Villa de Chateaubriand;94230;94016;Cachan;;;650412.17;6855602.01;2.324918;48.79859;entrée;;;CACHAN;VILLA DE CHATEAUBRIAND;inconnue;inconnue;0;940160000C0037;514e11e8-ae9b-4de3-85e6-f4b618589a6a;965ced15-7710-4940-ac4a-37330909bd29;e1ce01e3-3ad8-4ae8-b38b-91ad0bc88d58;nearest;0.15;0.9;000;0C;0037
94016_1436_00012;94016_1436;12;;Villa de Chateaubriand;94230;94016;Cachan;;;650409.31;6855603.7;2.324879;48.798605;entrée;;;CACHAN;VILLA DE CHATEAUBRIAND;inconnue;inconnue;0;940160000C0036;c4013053-0f91-4a69-b5bb-14b22593ac65;965ced15-7710-4940-ac4a-37330909bd29;e1ce01e3-3ad8-4ae8-b38b-91ad0bc88d58;nearest;0.36;0.9;000;0C;0036
94016_9650_00001;94016_9650;1;;Avenue Victor Hugo;94230;94016;Cachan;;;650114.43;6854498.53;2.320994;48.788643;parcelle;;;CACHAN;AVENUE VICTOR HUGO;cadastre;inconnue;0;940160000J0471;cd91f417-d78f-4798-933f-2bbeadbb91b3;0e55fa09-fe90-4719-ae6b-b04163472941;e1ce01e3-3ad8-4ae8-b38b-91ad0bc88d58;exist;;;000;0J;0471
94016_9650_00002;94016_9650;2;;Avenue Victor Hugo;94230;94016;Cachan;;;650076.17;6854638.07;2.320457;48.789895;entrée;;;CACHAN;AVENUE VICTOR HUGO;inconnue;inconnue;0;940160000J0471;f8d906d7-70a0-4d39-9dcd-5bbaf8035716;0e55fa09-fe90-4719-ae6b-b04163472941;e1ce01e3-3ad8-4ae8-b38b-91ad0bc88d58;within;0.0;1.0;000;0J;0471
94016_9650_00004;94016_9650;4;;Avenue Victor Hugo;94230;94016;Cachan;;;650108.81;6854417.85;2.320927;48.787917;entrée;;;CACHAN;AVENUE VICTOR HUGO;inconnue;inconnue;0;940160000J0471;93580c25-19be-4b7c-a35d-6ea0396521d9;0e55fa09-fe90-4719-ae6b-b04163472941;e1ce01e3-3ad8-4ae8-b38b-91ad0bc88d58;within;0.0;1.0;000;0J;0471
94016_9650_00006;94016_9650;6;;Avenue Victor Hugo;94230;94016;Cachan;;;650117.59;6854635.82;2.321021;48.789878;entrée;;;CACHAN;AVENUE VICTOR HUGO;inconnue;inconnue;0;940160000J0471;9c3cdfc9-3385-4d86-aebb-8d51d63860ec;0e55fa09-fe90-4719-ae6b-b04163472941;e1ce01e3-3ad8-4ae8-b38b-91ad0bc88d58;within;0.0;1.0;000;0J;0471
94016_9650_00008;94016_9650;8;;Avenue Victor Hugo;94230;94016;Cachan;;;650131.84;6854635.7;2.321215;48.789878;entrée;;;CACHAN;AVENUE VICTOR HUGO;inconnue;inconnue;0;940160000J0471;871e3b14-a53f-429e-8b3b-4ca738c92aa8;0e55fa09-fe90-4719-ae6b-b04163472941;e1ce01e3-3ad8-4ae8-b38b-91ad0bc88d58;within;0.0;1.0;000;0J;0471
94016_9650_00010;94016_9650;10;;Avenue Victor Hugo;94230;94016;Cachan;;;650157.24;6854615.91;2.321563;48.789702;entrée;;;CACHAN;AVENUE VICTOR HUGO;inconnue;inconnue;0;940160000J0471;e9bc295a-67d1-4e06-a4a9-e6709a533907;0e55fa09-fe90-4719-ae6b-b04163472941;e1ce01e3-3ad8-4ae8-b38b-91ad0bc88d58;within;0.0;1.0;000;0J;0471
94016_9650_00012;94016_9650;12;;Avenue Victor Hugo;94230;94016;Cachan;;;650181.29;6854609.81;2.321891;48.789649;entrée;;;CACHAN;AVENUE VICTOR HUGO;inconnue;inconnue;0;940160000J0471;6e8f8763-47f0-4231-8e73-7dcc0a37c813;0e55fa09-fe90-4719-ae6b-b04163472941;e1ce01e3-3ad8-4ae8-b38b-91ad0bc88d58;within;0.0;1.0;000;0J;0471
94016_9650_00014;94016_9650;14;;Avenue Victor Hugo;94230;94016;Cachan;;;650196.43;6854602.68;2.322098;48.789586;entrée;;;CACHAN;AVENUE VICTOR HUGO;inconnue;inconnue;0;940160000J0471;f84373aa-cdfc-4c9e-b603-00da3bbd44b7;0e55fa09-fe90-4719-ae6b-b04163472941;e1ce01e3-3ad8-4ae8-b38b-91ad0bc88d58;within;0.0;1.0;000;0J;0471
94016_9650_00016;94016_9650;16;;Avenue Victor Hugo;94230;94016;Cachan;;;650211.02;6854590.21;2.322298;48.789475;entrée;;;CACHAN;AVENUE VICTOR HUGO;inconnue;inconnue;0;940160000J0471;676d4501-8b0f-4c8a-87cc-a57482e5d439;0e55fa09-fe90-4719-ae6b-b04163472941;e1ce01e3-3ad8-4ae8-b38b-91ad0bc88d58;within;0.0;1.0;000;0J;0471
94016_9650_00018;94016_9650;18;;Avenue Victor Hugo;94230;94016;Cachan;;;650230.69;6854587.37;2.322566;48.789451;entrée;;;CACHAN;AVENUE VICTOR HUGO;inconnue;inconnue;0;940160000J0471;486309d0-3d54-4348-8a15-71b9aad4bb04;0e55fa09-fe90-4719-ae6b-b04163472941;e1ce01e3-3ad8-4ae8-b38b-91ad0bc88d58;within;0.0;1.0;000;0J;0471
94016_9650_00020;94016_9650;20;;Avenue Victor Hugo;94230;94016;Cachan;;;650247.87;6854577.88;2.322801;48.789367;entrée;;;CACHAN;AVENUE VICTOR HUGO;inconnue;inconnue;0;940160000J0471;d3d30716-b803-4532-9153-5e092234c8aa;0e55fa09-fe90-4719-ae6b-b04163472941;e1ce01e3-3ad8-4ae8-b38b-91ad0bc88d58;within;0.0;1.0;000;0J;0471
94016_2525_00006;94016_2525;6;;Avenue Defrance;94230;94016;Cachan;;;651005.89;6854110.65;2.333172;48.785223;entrée;;;CACHAN;AVENUE DEFRANCE;inconnue;inconnue;0;94016000AF0149;fba05609-5ddb-4bab-b200-0882e2df0dec;b880c126-d786-4a9f-a887-fb39ea08dc3f;e1ce01e3-3ad8-4ae8-b38b-91ad0bc88d58;nearest;2.03;0.9;000;AF;0149
94016_2525_00008;94016_2525;8;;Avenue Defrance;94230;94016;Cachan;;;651009.03;6854099.51;2.333216;48.785123;entrée;;;CACHAN;AVENUE DEFRANCE;inconnue;inconnue;0;94016000AF0150;11ef542b-a77e-4a5e-949b-f2261aca4d03;b880c126-d786-4a9f-a887-fb39ea08dc3f;e1ce01e3-3ad8-4ae8-b38b-91ad0bc88d58;nearest;1.68;0.9;000;AF;0150
94016_2525_00009;94016_2525;9;;Avenue Defrance;94230;94016;Cachan;;;651024.39;6854134.18;2.333421;48.785436;entrée;;;CACHAN;AVENUE DEFRANCE;inconnue;inconnue;0;94016000AF0035;0a5abc97-13f6-4c70-9288-9709451d85de;b880c126-d786-4a9f-a887-fb39ea08dc3f;e1ce01e3-3ad8-4ae8-b38b-91ad0bc88d58;within;0.0;1.0;000;AF;0035
94016_2525_00010;94016_2525;10;;Avenue Defrance;94230;94016;Cachan;;;651012.69;6854089.36;2.333267;48.785032;entrée;;;CACHAN;AVENUE DEFRANCE;inconnue;inconnue;0;94016000AF0014;149d4008-0425-4e88-acf2-7f61740d2dcd;b880c126-d786-4a9f-a887-fb39ea08dc3f;e1ce01e3-3ad8-4ae8-b38b-91ad0bc88d58;nearest;2.44;0.9;000;AF;0014
94016_2525_00011;94016_2525;11;;Avenue Defrance;94230;94016;Cachan;;;651015.74;6854119.02;2.333305;48.785299;entrée;;;CACHAN;AVENUE DEFRANCE;inconnue;inconnue;0;94016000AF0154;c5f1f99a-42e7-492c-bce0-00d55961efd3;b880c126-d786-4a9f-a887-fb39ea08dc3f;e1ce01e3-3ad8-4ae8-b38b-91ad0bc88d58;nearest;1.18;0.9;000;AF;0154
94016_2525_00012;94016_2525;12;;Avenue Defrance;94230;94016;Cachan;;;651015.82;6854076.65;2.333311;48.784918;entrée;;;CACHAN;AVENUE DEFRANCE;inconnue;inconnue;0;94016000AF0015;d0c92dda-0d5a-4876-bee6-1444e6d027f3;b880c126-d786-4a9f-a887-fb39ea08dc3f;e1ce01e3-3ad8-4ae8-b38b-91ad0bc88d58;nearest;1.44;0.9;000;AF;0015
94016_2525_00013;94016_2525;13;;Avenue Defrance;94230;94016;Cachan;;;651019.3;6854105.87;2.333355;48.785181;entrée;;;CACHAN;AVENUE DEFRANCE;inconnue;inconnue;0;94016000AF0032;b801f9cc-c8f5-4bc4-bd59-7f795da00119;b880c126-d786-4a9f-a887-fb39ea08dc3f;e1ce01e3-3ad8-4ae8-b38b-91ad0bc88d58;nearest;1.84;0.9;000;AF;0032
94016_2525_00014;94016_2525;14;;Avenue Defrance;94230;94016;Cachan;;;651016.56;6854077.65;2.333321;48.784927;entrée;;;CACHAN;AVENUE DEFRANCE;inconnue;inconnue;0;94016000AF0015;17fe1eeb-f325-48b7-aa75-5edac21142cb;b880c126-d786-4a9f-a887-fb39ea08dc3f;e1ce01e3-3ad8-4ae8-b38b-91ad0bc88d58;nearest;2.87;0.9;000;AF;0015
94016_2525_00015;94016_2525;15;;Avenue Defrance;94230;94016;Cachan;;;651024.16;6854090.26;2.333423;48.785041;entrée;;;CACHAN;AVENUE DEFRANCE;inconnue;inconnue;0;94016000AF0028;926559be-65ed-4af4-93f5-d4a167587cc6;b880c126-d786-4a9f-a887-fb39ea08dc3f;e1ce01e3-3ad8-4ae8-b38b-91ad0bc88d58;nearest;1.7;0.9;000;AF;0028
94016_2525_00016;94016_2525;16;;Avenue Defrance;94230;94016;Cachan;;;651032.51;6854026.25;2.333544;48.784466;entrée;;;CACHAN;AVENUE DEFRANCE;inconnue;inconnue;0;94016000AF0022;023bcbdd-302c-4234-a22e-6a0376b756ac;b880c126-d786-4a9f-a887-fb39ea08dc3f;e1ce01e3-3ad8-4ae8-b38b-91ad0bc88d58;nearest;3.25;0.9;000;AF;0022
94016_2525_00017;94016_2525;17;;Avenue Defrance;94230;94016;Cachan;;;651027.87;6854077;2.333475;48.784922;entrée;;;CACHAN;AVENUE DEFRANCE;inconnue;inconnue;0;94016000AF0027;346c87f8-2ead-4864-a3a2-1ea9ca510e44;b880c126-d786-4a9f-a887-fb39ea08dc3f;e1ce01e3-3ad8-4ae8-b38b-91ad0bc88d58;nearest;2.18;0.9;000;AF;0027
94016_2525_00019;94016_2525;19;;Avenue Defrance;94230;94016;Cachan;;;651037.4;6854047.45;2.333608;48.784657;entrée;;;CACHAN;AVENUE DEFRANCE;inconnue;inconnue;0;94016000AF0025;436239dc-f048-441c-906c-0ee86ed6b41e;b880c126-d786-4a9f-a887-fb39ea08dc3f;e1ce01e3-3ad8-4ae8-b38b-91ad0bc88d58;nearest;1.46;0.9;000;AF;0025
94016_2525_00021;94016_2525;21;;Avenue Defrance;94230;94016;Cachan;;;651042.39;6854029.62;2.333678;48.784497;entrée;;;CACHAN;AVENUE DEFRANCE;inconnue;inconnue;0;94016000AF0023;c2eb4c35-0479-428f-89e0-ae9ee87185c8;b880c126-d786-4a9f-a887-fb39ea08dc3f;e1ce01e3-3ad8-4ae8-b38b-91ad0bc88d58;nearest;2.15;0.9;000;AF;0023
94016_2525_00017_bis;94016_2525;17;bis;Avenue Defrance;94230;94016;Cachan;;;651031.26;6854060.62;2.333523;48.784775;segment;;;CACHAN;AVENUE DEFRANCE;inconnue;inconnue;0;94016000AF0026;1284903e-eb8d-42ef-8eb4-e836a9447f49;b880c126-d786-4a9f-a887-fb39ea08dc3f;e1ce01e3-3ad8-4ae8-b38b-91ad0bc88d58;nearest;4.4;0.9;000;AF;0026
94016_2525_00017_ter;94016_2525;17;ter;Avenue Defrance;94230;94016;Cachan;;;651031.51;6854063.62;2.333526;48.784802;entrée;;;CACHAN;AVENUE DEFRANCE;inconnue;inconnue;0;94016000AF0026;12025905-8042-4c8b-8640-954f9db9e3ab;b880c126-d786-4a9f-a887-fb39ea08dc3f;e1ce01e3-3ad8-4ae8-b38b-91ad0bc88d58;nearest;2.81;0.9;000;AF;0026
94016_2535_00001;94016_2535;1;;Villa Denise;94230;94016;Cachan;;;651659.9;6855564.34;2.341908;48.798346;entrée;;;CACHAN;VILLA DENISE;inconnue;inconnue;0;940160000U0147;9e570db8-b2f0-4bad-be27-0c0e833ddf6e;383499bc-d021-4cfc-9ffb-17c0513e0a97;e1ce01e3-3ad8-4ae8-b38b-91ad0bc88d58;within;0.0;1.0;000;0U;0147
94016_2535_00003;94016_2535;3;;Villa Denise;94230;94016;Cachan;;;651650.53;6855549.97;2.341782;48.798216;entrée;;;CACHAN;VILLA DENISE;inconnue;inconnue;0;940160000U0148;0a9d2fca-07df-4cd8-9b15-3e13a539213e;383499bc-d021-4cfc-9ffb-17c0513e0a97;e1ce01e3-3ad8-4ae8-b38b-91ad0bc88d58;within;0.0;1.0;000;0U;0148
94016_2535_00004;94016_2535;4;;Villa Denise;94230;94016;Cachan;;;651644.6;6855544.34;2.341702;48.798165;entrée;;;CACHAN;VILLA DENISE;inconnue;inconnue;0;940160000U0388;8f8fc150-b769-48b0-9d11-98761f258c45;383499bc-d021-4cfc-9ffb-17c0513e0a97;e1ce01e3-3ad8-4ae8-b38b-91ad0bc88d58;within;0.0;1.0;000;0U;0388
94016_2535_00005;94016_2535;5;;Villa Denise;94230;94016;Cachan;;;651642.3;6855532.36;2.341672;48.798057;entrée;;;CACHAN;VILLA DENISE;inconnue;inconnue;0;940160000U0033;38088110-32bd-4516-9ec9-8a82611b71f4;383499bc-d021-4cfc-9ffb-17c0513e0a97;e1ce01e3-3ad8-4ae8-b38b-91ad0bc88d58;within;0.0;1.0;000;0U;0033
94016_2535_00006;94016_2535;6;;Villa Denise;94230;94016;Cachan;;;651639.16;6855535.05;2.341629;48.798081;entrée;;;CACHAN;VILLA DENISE;inconnue;inconnue;0;940160000U0029;46a83f86-a90f-492c-aeec-417ed8aff39a;383499bc-d021-4cfc-9ffb-17c0513e0a97;e1ce01e3-3ad8-4ae8-b38b-91ad0bc88d58;within;0.0;1.0;000;0U;0029
94016_2535_00008;94016_2535;8;;Villa Denise;94230;94016;Cachan;;;651633.81;6855527.87;2.341557;48.798016;entrée;;;CACHAN;VILLA DENISE;inconnue;inconnue;0;940160000U0345;a4833838-5052-4132-8f66-140cdf37d30b;383499bc-d021-4cfc-9ffb-17c0513e0a97;e1ce01e3-3ad8-4ae8-b38b-91ad0bc88d58;within;0.0;1.0;000;0U;0345
94016_2535_00003_bis;94016_2535;3;bis;Villa Denise;94230;94016;Cachan;;;651646.94;6855542.21;2.341734;48.798146;entrée;;;CACHAN;VILLA DENISE;inconnue;inconnue;0;940160000U0034;0824eceb-a4c0-4f67-aad9-dc26c39d444a;383499bc-d021-4cfc-9ffb-17c0513e0a97;e1ce01e3-3ad8-4ae8-b38b-91ad0bc88d58;within;0.0;1.0;000;0U;0034
94016_2535_00008_bis;94016_2535;8;bis;Villa Denise;94230;94016;Cachan;;;651634.29;6855522.75;2.341564;48.79797;entrée;;;CACHAN;VILLA DENISE;inconnue;inconnue;0;940160000U0347;1653791b-5189-4712-a5f4-db789aae5695;383499bc-d021-4cfc-9ffb-17c0513e0a97;e1ce01e3-3ad8-4ae8-b38b-91ad0bc88d58;within;0.0;1.0;000;0U;0347
94016_3165_00002;94016_3165;2;;Rue d'Estienne d'Orves;94230;94016;Cachan;;;650180.38;6854846.99;2.321851;48.791782;entrée;;;CACHAN;RUE D ESTIENNE D ORVES;inconnue;inconnue;0;940160000H0053;fa351436-2b0c-4207-8fb0-b3095084bbf9;d4fd0bf1-899c-4734-9150-b3580ae2d32a;e1ce01e3-3ad8-4ae8-b38b-91ad0bc88d58;nearest;1.01;0.9;000;0H;0053
94016_3165_00004;94016_3165;4;;Rue d'Estienne d'Orves;94230;94016;Cachan;;;650169.69;6854851.09;2.321705;48.791818;entrée;;;CACHAN;RUE D ESTIENNE D ORVES;inconnue;inconnue;0;940160000H0054;7c36c941-3b4e-4cf6-abae-08cd60b4ed49;d4fd0bf1-899c-4734-9150-b3580ae2d32a;e1ce01e3-3ad8-4ae8-b38b-91ad0bc88d58;nearest;0.96;0.9;000;0H;0054
94016_3165_00005;94016_3165;5;;Rue d'Estienne d'Orves;94230;94016;Cachan;;;650153.7;6854845.55;2.321488;48.791767;entrée;;;CACHAN;RUE D ESTIENNE D ORVES;inconnue;inconnue;0;940160000H0049;793db33c-57d3-4315-b88b-b220bf11df99;d4fd0bf1-899c-4734-9150-b3580ae2d32a;e1ce01e3-3ad8-4ae8-b38b-91ad0bc88d58;nearest;0.26;0.9;000;0H;0049
94016_3165_00006;94016_3165;6;;Rue d'Estienne d'Orves;94230;94016;Cachan;;;650160.17;6854854.62;2.321575;48.791849;entrée;;;CACHAN;RUE D ESTIENNE D ORVES;inconnue;inconnue;0;940160000H0055;aa929877-80cd-40bd-b99d-eac65aa1942d;d4fd0bf1-899c-4734-9150-b3580ae2d32a;e1ce01e3-3ad8-4ae8-b38b-91ad0bc88d58;nearest;1.03;0.9;000;0H;0055
94016_3165_00007;94016_3165;7;;Rue d'Estienne d'Orves;94230;94016;Cachan;;;650141.33;6854850;2.321319;48.791806;entrée;;;CACHAN;RUE D ESTIENNE D ORVES;inconnue;inconnue;0;940160000H0048;770111c0-34ec-4b1e-8cbe-f090bdefe3ab;d4fd0bf1-899c-4734-9150-b3580ae2d32a;e1ce01e3-3ad8-4ae8-b38b-91ad0bc88d58;nearest;0.02;0.9;000;0H;0048
94016_3165_00009;94016_3165;9;;Rue d'Estienne d'Orves;94230;94016;Cachan;;;650132.32;6854853.52;2.321196;48.791837;entrée;;;CACHAN;RUE D ESTIENNE D ORVES;inconnue;inconnue;0;940160000H0047;f45e635e-dbf3-4543-b18e-f4a645efeba7;d4fd0bf1-899c-4734-9150-b3580ae2d32a;e1ce01e3-3ad8-4ae8-b38b-91ad0bc88d58;nearest;0.13;0.9;000;0H;0047
94016_3165_00011;94016_3165;11;;Rue d'Estienne d'Orves;94230;94016;Cachan;;;650128.23;6854856.22;2.32114;48.791861;segment;;;CACHAN;RUE D ESTIENNE D ORVES;inconnue;inconnue;0;940160000H0047;1a49423b-02d0-4d0a-837e-0e39320fa500;d4fd0bf1-899c-4734-9150-b3580ae2d32a;e1ce01e3-3ad8-4ae8-b38b-91ad0bc88d58;nearest;1.24;0.9;000;0H;0047
94016_3165_00015;94016_3165;15;;Rue d'Estienne d'Orves;94230;94016;Cachan;;;650109.99;6854863.16;2.320891;48.791922;entrée;;;CACHAN;RUE D ESTIENNE D ORVES;inconnue;inconnue;0;940160000H0046;f9f7b7e4-f87f-4108-91f2-c76fbb5d3f3f;d4fd0bf1-899c-4734-9150-b3580ae2d32a;e1ce01e3-3ad8-4ae8-b38b-91ad0bc88d58;nearest;1.25;0.9;000;0H;0046
94016_3165_00017;94016_3165;17;;Rue d'Estienne d'Orves;94230;94016;Cachan;;;650091.61;6854869.22;2.32064;48.791975;entrée;;;CACHAN;RUE D ESTIENNE D ORVES;inconnue;inconnue;0;940160000H0045;053d9d93-fec0-4162-ab2d-22c30f7b0d2c;d4fd0bf1-899c-4734-9150-b3580ae2d32a;e1ce01e3-3ad8-4ae8-b38b-91ad0bc88d58;nearest;0.4;0.9;000;0H;0045
94016_1450_00002;94016_1450;2;;Rue de la Citadelle;94230;94016;Cachan;;;651139.33;6855558.7;2.334822;48.798256;entrée;;;CACHAN;RUE DE LA CITADELLE;inconnue;inconnue;0;940160000T0092;b73cd52c-c349-4795-9118-151e1d6ec761;8fefe6e8-a8ab-4b59-a24c-c47369f02d68;e1ce01e3-3ad8-4ae8-b38b-91ad0bc88d58;within;0.0;1.0;000;0T;0092
94016_1450_00006;94016_1450;6;;Rue de la Citadelle;94230;94016;Cachan;;;651305.58;6855542.96;2.337087;48.798127;entrée;;;CACHAN;RUE DE LA CITADELLE;inconnue;inconnue;0;940160000T0041;d3e1ad96-2f6e-44a6-a962-31ae7ddef774;8fefe6e8-a8ab-4b59-a24c-c47369f02d68;e1ce01e3-3ad8-4ae8-b38b-91ad0bc88d58;nearest;0.78;0.9;000;0T;0041
94016_1450_00008;94016_1450;8;;Rue de la Citadelle;94230;94016;Cachan;;;651375.8;6855516.46;2.338046;48.797894;entrée;;;CACHAN;RUE DE LA CITADELLE;inconnue;inconnue;0;940160000T0041;8d885982-8ac8-427f-9f07-422ff9d1d24c;8fefe6e8-a8ab-4b59-a24c-c47369f02d68;e1ce01e3-3ad8-4ae8-b38b-91ad0bc88d58;within;0.0;1.0;000;0T;0041
94016_1450_00020;94016_1450;20;;Rue de la Citadelle;94230;94016;Cachan;;;651466.86;6855468.88;2.339291;48.797473;entrée;;;CACHAN;RUE DE LA CITADELLE;inconnue;inconnue;0;940160000V0167;d0530643-991c-4a80-965c-5c4ffe1d88cb;8fefe6e8-a8ab-4b59-a24c-c47369f02d68;e1ce01e3-3ad8-4ae8-b38b-91ad0bc88d58;nearest;0.51;0.9;000;0V;0167
94016_1450_00028;94016_1450;28;;Rue de la Citadelle;94230;94016;Cachan;;;651496.33;6855452.63;2.339694;48.797329;entrée;;;CACHAN;RUE DE LA CITADELLE;inconnue;inconnue;0;940160000V0169;2e617002-b3b9-4db7-ba24-1dfbc6265cfe;8fefe6e8-a8ab-4b59-a24c-c47369f02d68;e1ce01e3-3ad8-4ae8-b38b-91ad0bc88d58;nearest;0.15;0.9;000;0V;0169
94016_1450_00030;94016_1450;30;;Rue de la Citadelle;94230;94016;Cachan;;;651517.83;6855440.88;2.339988;48.797225;entrée;;;CACHAN;RUE DE LA CITADELLE;inconnue;inconnue;0;940160000V0171;2d115977-0b5b-414c-89a7-011097400510;8fefe6e8-a8ab-4b59-a24c-c47369f02d68;e1ce01e3-3ad8-4ae8-b38b-91ad0bc88d58;nearest;0.12;0.9;000;0V;0171
94016_1450_00032;94016_1450;32;;Rue de la Citadelle;94230;94016;Cachan;;;651529.89;6855459.79;2.34015;48.797396;entrée;;;CACHAN;RUE DE LA CITADELLE;inconnue;inconnue;0;940160000U0275;33ef8b57-0327-4b35-acbb-e82cbf394b28;8fefe6e8-a8ab-4b59-a24c-c47369f02d68;e1ce01e3-3ad8-4ae8-b38b-91ad0bc88d58;nearest;0.48;0.9;000;0U;0275
94016_1450_00034;94016_1450;34;;Rue de la Citadelle;94230;94016;Cachan;;;651537.31;6855477.63;2.340249;48.797557;entrée;;;CACHAN;RUE DE LA CITADELLE;inconnue;inconnue;0;940160000U0136;bfc413f8-f7e2-4b46-b038-ab8242648287;8fefe6e8-a8ab-4b59-a24c-c47369f02d68;e1ce01e3-3ad8-4ae8-b38b-91ad0bc88d58;nearest;0.59;0.9;000;0U;0136
94016_1450_00036;94016_1450;36;;Rue de la Citadelle;94230;94016;Cachan;;;651539.79;6855484.29;2.340282;48.797617;entrée;;;CACHAN;RUE DE LA CITADELLE;inconnue;inconnue;0;940160000U0136;0ddcc03c-cd74-401d-a93e-a1966310441f;8fefe6e8-a8ab-4b59-a24c-c47369f02d68;e1ce01e3-3ad8-4ae8-b38b-91ad0bc88d58;nearest;0.99;0.9;000;0U;0136
94016_1450_00038;94016_1450;38;;Rue de la Citadelle;94230;94016;Cachan;;;651544.8;6855495.25;2.340349;48.797716;entrée;;;CACHAN;RUE DE LA CITADELLE;inconnue;inconnue;0;940160000U0138;c3c12078-dc2f-48d8-aa1b-701e5a3d787d;8fefe6e8-a8ab-4b59-a24c-c47369f02d68;e1ce01e3-3ad8-4ae8-b38b-91ad0bc88d58;nearest;0.38;0.9;000;0U;0138
94016_1450_00040;94016_1450;40;;Rue de la Citadelle;94230;94016;Cachan;;;651549.53;6855506.89;2.340412;48.797821;entrée;;;CACHAN;RUE DE LA CITADELLE;inconnue;inconnue;0;940160000U0139;a0189ff7-1a23-4987-92bf-903cdaa39bd9;8fefe6e8-a8ab-4b59-a24c-c47369f02d68;e1ce01e3-3ad8-4ae8-b38b-91ad0bc88d58;nearest;0.55;0.9;000;0U;0139
94016_1450_00044;94016_1450;44;;Rue de la Citadelle;94230;94016;Cachan;;;651561.97;6855536.25;2.340578;48.798086;entrée;;;CACHAN;RUE DE LA CITADELLE;inconnue;inconnue;0;940160000U0193;b2412d40-09d6-4f7c-afb3-7087ac26a294;8fefe6e8-a8ab-4b59-a24c-c47369f02d68;e1ce01e3-3ad8-4ae8-b38b-91ad0bc88d58;nearest;0.34;0.9;000;0U;0193
94016_1450_00046;94016_1450;46;;Rue de la Citadelle;94230;94016;Cachan;;;651566.97;6855545.88;2.340645;48.798173;entrée;;;CACHAN;RUE DE LA CITADELLE;inconnue;inconnue;0;940160000U0141;807555da-1257-4d23-8221-8f4ea1524a01;8fefe6e8-a8ab-4b59-a24c-c47369f02d68;e1ce01e3-3ad8-4ae8-b38b-91ad0bc88d58;within;0.0;1.0;000;0U;0141
94016_1450_00048;94016_1450;48;;Rue de la Citadelle;94230;94016;Cachan;;;651570.06;6855555.75;2.340686;48.798262;entrée;;;CACHAN;RUE DE LA CITADELLE;inconnue;inconnue;0;940160000U0142;e0f47f3a-0c55-425a-a11a-7a6303b8fda6;8fefe6e8-a8ab-4b59-a24c-c47369f02d68;e1ce01e3-3ad8-4ae8-b38b-91ad0bc88d58;nearest;0.42;0.9;000;0U;0142
94016_1450_00050;94016_1450;50;;Rue de la Citadelle;94230;94016;Cachan;;;651574.04;6855565.06;2.340739;48.798346;entrée;;;CACHAN;RUE DE LA CITADELLE;inconnue;inconnue;0;940160000U0143;25c07a88-c017-4e7c-a9be-3c67cc047b71;8fefe6e8-a8ab-4b59-a24c-c47369f02d68;e1ce01e3-3ad8-4ae8-b38b-91ad0bc88d58;nearest;0.35;0.9;000;0U;0143
94016_1450_00054;94016_1450;54;;Rue de la Citadelle;94230;94016;Cachan;;;651582.51;6855585.45;2.340852;48.79853;entrée;;;CACHAN;RUE DE LA CITADELLE;inconnue;inconnue;0;940160000U0145;d9a13113-c2db-432d-b77a-f62424e774cf;8fefe6e8-a8ab-4b59-a24c-c47369f02d68;e1ce01e3-3ad8-4ae8-b38b-91ad0bc88d58;nearest;0.41;0.9;000;0U;0145
94016_1450_00056;94016_1450;56;;Rue de la Citadelle;94230;94016;Cachan;;;651586.93;6855596.31;2.340911;48.798628;entrée;;;CACHAN;RUE DE LA CITADELLE;inconnue;inconnue;0;940160000U0146;73fc7ff4-0045-4659-8d29-49826e2f163c;8fefe6e8-a8ab-4b59-a24c-c47369f02d68;e1ce01e3-3ad8-4ae8-b38b-91ad0bc88d58;nearest;0.51;0.9;000;0U;0146
94016_1450_00028_bis;94016_1450;28;bis;Rue de la Citadelle;94230;94016;Cachan;;;651506.28;6855447.43;2.33983;48.797283;entrée;;;CACHAN;RUE DE LA CITADELLE;inconnue;inconnue;0;940160000V0170;6c67a74a-836e-4678-9b82-876ddd44334d;8fefe6e8-a8ab-4b59-a24c-c47369f02d68;e1ce01e3-3ad8-4ae8-b38b-91ad0bc88d58;nearest;0.34;0.9;000;0V;0170
94016_1450_00002_ter;94016_1450;2;ter;Rue de la Citadelle;94230;94016;Cachan;;;651239.98;6855551.74;2.336193;48.798201;entrée;;;CACHAN;RUE DE LA CITADELLE;inconnue;inconnue;0;940160000T0095;44f50d12-38f4-4480-a231-6507c3cc989d;8fefe6e8-a8ab-4b59-a24c-c47369f02d68;e1ce01e3-3ad8-4ae8-b38b-91ad0bc88d58;within;0.0;1.0;000;0T;0095
94016_1450_00036_bis;94016_1450;36;bis;Rue de la Citadelle;94230;94016;Cachan;;;651541.21;6855486.94;2.340301;48.797641;entrée;;;CACHAN;RUE DE LA CITADELLE;inconnue;inconnue;0;940160000U0287;66f075c2-664e-4f90-a68d-0d752c2c04df;8fefe6e8-a8ab-4b59-a24c-c47369f02d68;e1ce01e3-3ad8-4ae8-b38b-91ad0bc88d58;nearest;0.58;0.9;000;0U;0287
94016_1450_00032_bis;94016_1450;32;bis;Rue de la Citadelle;94230;94016;Cachan;;;651533.19;6855467.55;2.340194;48.797466;entrée;;;CACHAN;RUE DE LA CITADELLE;inconnue;inconnue;0;940160000U0236;0e2deecd-1342-4b45-8d91-b97f40180cb1;8fefe6e8-a8ab-4b59-a24c-c47369f02d68;e1ce01e3-3ad8-4ae8-b38b-91ad0bc88d58;nearest;0.43;0.9;000;0U;0236
94016_1450_00056_bis;94016_1450;56;bis;Rue de la Citadelle;94230;94016;Cachan;;;651595.69;6855616.03;2.341028;48.798806;entrée;;;CACHAN;RUE DE LA CITADELLE;inconnue;inconnue;0;940160000U0146;8b77bff2-93e9-4743-9a8a-bfdbac111355;8fefe6e8-a8ab-4b59-a24c-c47369f02d68;e1ce01e3-3ad8-4ae8-b38b-91ad0bc88d58;nearest;1.95;0.9;000;0U;0146
94016_1450_00044_bis;94016_1450;44;bis;Rue de la Citadelle;94230;94016;Cachan;;;651564.99;6855546.45;2.340618;48.798178;segment;;;CACHAN;RUE DE LA CITADELLE;inconnue;inconnue;0;940160000U0141;d99cc093-7fce-4113-b7a7-320a5e731cb4;8fefe6e8-a8ab-4b59-a24c-c47369f02d68;e1ce01e3-3ad8-4ae8-b38b-91ad0bc88d58;nearest;1.92;0.9;000;0U;0141
94016_4700_00001;94016_4700;1;;Place Jacques Carat;94230;94016;Cachan;;;651198.73;6855014.58;2.335693;48.793367;entrée;;;CACHAN;PLACE JACQUES CARAT;inconnue;inconnue;0;940160000Y0469;7a95df17-ca05-43c7-807a-879d02749a84;8e01156b-1535-4bb2-bf3f-4400afe4a62e;e1ce01e3-3ad8-4ae8-b38b-91ad0bc88d58;within;0.0;1.0;000;0Y;0469
94016_4700_00002;94016_4700;2;;Place Jacques Carat;94230;94016;Cachan;;;651231.59;6854999.29;2.336142;48.793232;segment;;;CACHAN;PLACE JACQUES CARAT;inconnue;inconnue;0;940160000Y0466;365b9905-f1cb-4c4e-a47e-4e5108a2af48;8e01156b-1535-4bb2-bf3f-4400afe4a62e;e1ce01e3-3ad8-4ae8-b38b-91ad0bc88d58;within;0.0;1.0;000;0Y;0466
94016_4700_00003;94016_4700;3;;Place Jacques Carat;94230;94016;Cachan;;;651198.03;6855018.81;2.335683;48.793405;entrée;;;CACHAN;PLACE JACQUES CARAT;inconnue;inconnue;0;940160000Y0469;5686bedb-8623-452c-8e17-5641c472dba0;8e01156b-1535-4bb2-bf3f-4400afe4a62e;e1ce01e3-3ad8-4ae8-b38b-91ad0bc88d58;within;0.0;1.0;000;0Y;0469
94016_4700_00004;94016_4700;4;;Place Jacques Carat;94230;94016;Cachan;;;651234.62;6855001.49;2.336183;48.793252;segment;;;CACHAN;PLACE JACQUES CARAT;inconnue;inconnue;0;940160000Y0466;6f532686-0279-4989-95af-3b1789ca3b3a;8e01156b-1535-4bb2-bf3f-4400afe4a62e;e1ce01e3-3ad8-4ae8-b38b-91ad0bc88d58;within;0.0;1.0;000;0Y;0466
94016_4700_00005;94016_4700;5;;Place Jacques Carat;94230;94016;Cachan;;;651197.78;6855023.7;2.335679;48.793449;entrée;;;CACHAN;PLACE JACQUES CARAT;inconnue;inconnue;0;940160000Y0469;210f58ff-5171-433b-aacb-5c1e87681d93;8e01156b-1535-4bb2-bf3f-4400afe4a62e;e1ce01e3-3ad8-4ae8-b38b-91ad0bc88d58;within;0.0;1.0;000;0Y;0469
94016_4700_00006;94016_4700;6;;Place Jacques Carat;94230;94016;Cachan;;;651237.73;6855003.68;2.336225;48.793272;segment;;;CACHAN;PLACE JACQUES CARAT;inconnue;inconnue;0;940160000Y0466;af9a16d7-9f85-435e-a32f-ae3fe55bd8c7;8e01156b-1535-4bb2-bf3f-4400afe4a62e;e1ce01e3-3ad8-4ae8-b38b-91ad0bc88d58;within;0.0;1.0;000;0Y;0466
94016_4700_00007;94016_4700;7;;Place Jacques Carat;94230;94016;Cachan;;;651198.25;6855027.03;2.335685;48.793479;entrée;;;CACHAN;PLACE JACQUES CARAT;inconnue;inconnue;0;940160000Y0469;870f559e-25ab-4ba1-a8ba-e683d37f0131;8e01156b-1535-4bb2-bf3f-4400afe4a62e;e1ce01e3-3ad8-4ae8-b38b-91ad0bc88d58;within;0.0;1.0;000;0Y;0469
94016_4700_00008;94016_4700;8;;Place Jacques Carat;94230;94016;Cachan;;;651240.1;6855006.44;2.336257;48.793297;segment;;;CACHAN;PLACE JACQUES CARAT;inconnue;inconnue;0;940160000Y0466;5c8517ec-6648-43f4-a89c-87eb62d022f9;8e01156b-1535-4bb2-bf3f-4400afe4a62e;e1ce01e3-3ad8-4ae8-b38b-91ad0bc88d58;within;0.0;1.0;000;0Y;0466
94016_4700_00009;94016_4700;9;;Place Jacques Carat;94230;94016;Cachan;;;651199.08;6855029.69;2.335696;48.793503;entrée;;;CACHAN;PLACE JACQUES CARAT;inconnue;inconnue;0;940160000Y0469;b75e8871-77f9-4826-b919-f481b8baed44;8e01156b-1535-4bb2-bf3f-4400afe4a62e;e1ce01e3-3ad8-4ae8-b38b-91ad0bc88d58;within;0.0;1.0;000;0Y;0469
94016_4700_00010;94016_4700;10;;Place Jacques Carat;94230;94016;Cachan;;;651238.19;6855006.02;2.336231;48.793293;entrée;;;CACHAN;PLACE JACQUES CARAT;inconnue;inconnue;0;940160000Y0466;1a0de506-5318-4736-8b12-16d0bc3dc7a9;8e01156b-1535-4bb2-bf3f-4400afe4a62e;e1ce01e3-3ad8-4ae8-b38b-91ad0bc88d58;within;0.0;1.0;000;0Y;0466
94016_4700_00011;94016_4700;11;;Place Jacques Carat;94230;94016;Cachan;;;651200.74;6855034.24;2.335718;48.793544;entrée;;;CACHAN;PLACE JACQUES CARAT;inconnue;inconnue;0;940160000Y0469;2d562b9c-b683-41f3-95d6-ff7ec8f5d32c;8e01156b-1535-4bb2-bf3f-4400afe4a62e;e1ce01e3-3ad8-4ae8-b38b-91ad0bc88d58;within;0.0;1.0;000;0Y;0469
94016_4700_00012;94016_4700;12;;Place Jacques Carat;94230;94016;Cachan;;;651241.3;6855009.21;2.336273;48.793322;entrée;;;CACHAN;PLACE JACQUES CARAT;inconnue;inconnue;0;940160000Y0466;c78db943-eb1a-4f6c-b9e6-29a739496824;8e01156b-1535-4bb2-bf3f-4400afe4a62e;e1ce01e3-3ad8-4ae8-b38b-91ad0bc88d58;within;0.0;1.0;000;0Y;0466
94016_4700_00013;94016_4700;13;;Place Jacques Carat;94230;94016;Cachan;;;651203.31;6855043.45;2.335752;48.793627;segment;;;CACHAN;PLACE JACQUES CARAT;inconnue;inconnue;0;940160000Y0469;0a80994e-32a4-42b7-bbc6-08a96e764ec0;8e01156b-1535-4bb2-bf3f-4400afe4a62e;e1ce01e3-3ad8-4ae8-b38b-91ad0bc88d58;within;0.0;1.0;000;0Y;0469
94016_4700_00014;94016_4700;14;;Place Jacques Carat;94230;94016;Cachan;;;651243.53;6855012.53;2.336303;48.793352;entrée;;;CACHAN;PLACE JACQUES CARAT;inconnue;inconnue;0;940160000Y0466;11386c34-a057-420b-8d0a-fb64a5d8baf9;8e01156b-1535-4bb2-bf3f-4400afe4a62e;e1ce01e3-3ad8-4ae8-b38b-91ad0bc88d58;within;0.0;1.0;000;0Y;0466
94016_4700_00015;94016_4700;15;;Place Jacques Carat;94230;94016;Cachan;;;651206.53;6855042.42;2.335796;48.793618;entrée;;;CACHAN;PLACE JACQUES CARAT;inconnue;inconnue;0;940160000Y0469;c875d62a-daa8-42c4-ae02-4c06a3c54551;8e01156b-1535-4bb2-bf3f-4400afe4a62e;e1ce01e3-3ad8-4ae8-b38b-91ad0bc88d58;within;0.0;1.0;000;0Y;0469
94016_4700_00016;94016_4700;16;;Place Jacques Carat;94230;94016;Cachan;;;651245.1;6855015.74;2.336324;48.793381;entrée;;;CACHAN;PLACE JACQUES CARAT;inconnue;inconnue;0;940160000Y0466;f86a33fa-efad-4cbd-9e4a-52773dd0052a;8e01156b-1535-4bb2-bf3f-4400afe4a62e;e1ce01e3-3ad8-4ae8-b38b-91ad0bc88d58;within;0.0;1.0;000;0Y;0466
94016_4700_00017;94016_4700;17;;Place Jacques Carat;94230;94016;Cachan;;;651210.31;6855045.39;2.335847;48.793645;entrée;;;CACHAN;PLACE JACQUES CARAT;inconnue;inconnue;0;940160000Y0469;23baf5e6-47fc-45c0-8743-f55604748e04;8e01156b-1535-4bb2-bf3f-4400afe4a62e;e1ce01e3-3ad8-4ae8-b38b-91ad0bc88d58;within;0.0;1.0;000;0Y;0469
94016_4700_00018;94016_4700;18;;Place Jacques Carat;94230;94016;Cachan;;;651246.16;6855019.07;2.336338;48.793411;entrée;;;CACHAN;PLACE JACQUES CARAT;inconnue;inconnue;0;940160000Y0466;92fe42aa-cd30-43f7-84a0-73707872c598;8e01156b-1535-4bb2-bf3f-4400afe4a62e;e1ce01e3-3ad8-4ae8-b38b-91ad0bc88d58;within;0.0;1.0;000;0Y;0466
94016_4700_00021;94016_4700;21;;Place Jacques Carat;94230;94016;Cachan;;;651218.64;6855049.54;2.33596;48.793683;entrée;;;CACHAN;PLACE JACQUES CARAT;inconnue;inconnue;0;940160000Y0469;46bea753-6a08-4f08-8ee1-8d075414386b;8e01156b-1535-4bb2-bf3f-4400afe4a62e;e1ce01e3-3ad8-4ae8-b38b-91ad0bc88d58;within;0.0;1.0;000;0Y;0469
94016_4700_00022;94016_4700;22;;Place Jacques Carat;94230;94016;Cachan;;;651247.46;6855025.84;2.336355;48.793472;entrée;;;CACHAN;PLACE JACQUES CARAT;inconnue;inconnue;0;940160000Y0466;f11a1d10-c277-4627-99c3-f58dbd0d8598;8e01156b-1535-4bb2-bf3f-4400afe4a62e;e1ce01e3-3ad8-4ae8-b38b-91ad0bc88d58;within;0.0;1.0;000;0Y;0466
94016_4700_00023;94016_4700;23;;Place Jacques Carat;94230;94016;Cachan;;;651223.64;6855050.17;2.336028;48.793689;entrée;;;CACHAN;PLACE JACQUES CARAT;inconnue;inconnue;0;940160000Y0469;194d8245-9b55-4b27-8445-6ca469ae163f;8e01156b-1535-4bb2-bf3f-4400afe4a62e;e1ce01e3-3ad8-4ae8-b38b-91ad0bc88d58;within;0.0;1.0;000;0Y;0469
94016_4700_00024;94016_4700;24;;Place Jacques Carat;94230;94016;Cachan;;;651246.55;6855031.52;2.336342;48.793523;entrée;;;CACHAN;PLACE JACQUES CARAT;inconnue;inconnue;0;940160000Y0466;d366d9d9-6017-41f9-bbd9-c00d5202aeb0;8e01156b-1535-4bb2-bf3f-4400afe4a62e;e1ce01e3-3ad8-4ae8-b38b-91ad0bc88d58;within;0.0;1.0;000;0Y;0466
94016_4700_00025;94016_4700;25;;Place Jacques Carat;94230;94016;Cachan;;;651230.54;6855049.44;2.336122;48.793683;entrée;;;CACHAN;PLACE JACQUES CARAT;inconnue;inconnue;0;940160000Y0469;653b935d-722f-4f41-9c1c-dd383a92a433;8e01156b-1535-4bb2-bf3f-4400afe4a62e;e1ce01e3-3ad8-4ae8-b38b-91ad0bc88d58;within;0.0;1.0;000;0Y;0469
94016_4700_00026;94016_4700;26;;Place Jacques Carat;94230;94016;Cachan;;;651245.71;6855035.64;2.33633;48.79356;entrée;;;CACHAN;PLACE JACQUES CARAT;inconnue;inconnue;0;940160000Y0466;fdae9f6c-b0f3-4db7-8ac3-2777f60e4e24;8e01156b-1535-4bb2-bf3f-4400afe4a62e;e1ce01e3-3ad8-4ae8-b38b-91ad0bc88d58;within;0.0;1.0;000;0Y;0466
94016_4700_00028;94016_4700;28;;Place Jacques Carat;94230;94016;Cachan;;;651243.9;6855038.99;2.336305;48.79359;entrée;;;CACHAN;PLACE JACQUES CARAT;inconnue;inconnue;0;940160000Y0466;1a60fa4c-7502-4c93-b7f0-3aa9e0f0c22d;8e01156b-1535-4bb2-bf3f-4400afe4a62e;e1ce01e3-3ad8-4ae8-b38b-91ad0bc88d58;within;0.0;1.0;000;0Y;0466
94016_4700_00030;94016_4700;30;;Place Jacques Carat;94230;94016;Cachan;;;651241.87;6855042.23;2.336277;48.793619;entrée;;;CACHAN;PLACE JACQUES CARAT;inconnue;inconnue;0;940160000Y0466;df0fa5f3-76a4-4859-af24-8e3985b496a0;8e01156b-1535-4bb2-bf3f-4400afe4a62e;e1ce01e3-3ad8-4ae8-b38b-91ad0bc88d58;within;0.0;1.0;000;0Y;0466
94016_4700_00032;94016_4700;32;;Place Jacques Carat;94230;94016;Cachan;;;651238.45;6855045.82;2.33623;48.793651;entrée;;;CACHAN;PLACE JACQUES CARAT;inconnue;inconnue;0;940160000Y0466;eda5263e-9bd6-45b8-a73e-d9bde92a056e;8e01156b-1535-4bb2-bf3f-4400afe4a62e;e1ce01e3-3ad8-4ae8-b38b-91ad0bc88d58;within;0.0;1.0;000;0Y;0466
94016_4700_00016_bis;94016_4700;16;bis;Place Jacques Carat;94230;94016;Cachan;;;651168.32;6855005.49;2.33528;48.793283;entrée;;;CACHAN;PLACE JACQUES CARAT;inconnue;inconnue;0;940160000Y0469;2d23167a-1fad-42e0-930b-e1abb872bde4;8e01156b-1535-4bb2-bf3f-4400afe4a62e;e1ce01e3-3ad8-4ae8-b38b-91ad0bc88d58;within;0.0;1.0;000;0Y;0469
94016_0005_00027;94016_0005;27;;Rue Alphonse Melun;94230;94016;Cachan;;;650524.03;6855773.29;2.326421;48.800139;entrée;;;CACHAN;RUE ALPHONSE MELUN;inconnue;inconnue;0;940160000A0047;fbfe05a8-cb3e-46f2-9417-9bf708efd0e0;db1676cd-ce3a-4f97-a9c6-b7f02ab7fa89;e1ce01e3-3ad8-4ae8-b38b-91ad0bc88d58;nearest;1.35;0.9;000;0A;0047
94016_0005_00029;94016_0005;29;;Rue Alphonse Melun;94230;94016;Cachan;;;650526.59;6855780.39;2.326455;48.800203;entrée;;;CACHAN;RUE ALPHONSE MELUN;inconnue;inconnue;0;940160000A0046;32cf3a93-2e6e-487c-8ceb-021d211b58e8;db1676cd-ce3a-4f97-a9c6-b7f02ab7fa89;e1ce01e3-3ad8-4ae8-b38b-91ad0bc88d58;nearest;1.59;0.9;000;0A;0046
94016_0005_00030;94016_0005;30;;Rue Alphonse Melun;94230;94016;Cachan;;;650516.27;6855750.23;2.326318;48.799931;entrée;;;CACHAN;RUE ALPHONSE MELUN;inconnue;inconnue;0;940160000A0112;89c38bd1-55b0-436d-88b1-3eb0affd8a87;db1676cd-ce3a-4f97-a9c6-b7f02ab7fa89;e1ce01e3-3ad8-4ae8-b38b-91ad0bc88d58;nearest;1.15;0.9;000;0A;0112
94016_0005_00031;94016_0005;31;;Rue Alphonse Melun;94230;94016;Cachan;;;650529.37;6855787.7;2.326492;48.800269;entrée;;;CACHAN;RUE ALPHONSE MELUN;inconnue;inconnue;0;940160000A0045;1786cc78-bebb-4bb9-886b-39e161ad385b;db1676cd-ce3a-4f97-a9c6-b7f02ab7fa89;e1ce01e3-3ad8-4ae8-b38b-91ad0bc88d58;nearest;2.01;0.9;000;0A;0045
94016_0005_00032;94016_0005;32;;Rue Alphonse Melun;94230;94016;Cachan;;;650514;6855742.46;2.326288;48.799861;entrée;;;CACHAN;RUE ALPHONSE MELUN;inconnue;inconnue;0;940160000A0113;e8b55982-21c2-4f37-9229-f88a2e7ff859;db1676cd-ce3a-4f97-a9c6-b7f02ab7fa89;e1ce01e3-3ad8-4ae8-b38b-91ad0bc88d58;nearest;1.55;0.9;000;0A;0113
94016_0005_00034;94016_0005;34;;Rue Alphonse Melun;94230;94016;Cachan;;;650511.82;6855735.92;2.326259;48.799802;entrée;;;CACHAN;RUE ALPHONSE MELUN;inconnue;inconnue;0;940160000A0114;8bbc98fd-1eaf-487c-ac2d-4a089fd71d27;db1676cd-ce3a-4f97-a9c6-b7f02ab7fa89;e1ce01e3-3ad8-4ae8-b38b-91ad0bc88d58;nearest;1.46;0.9;000;0A;0114
94016_0005_00036;94016_0005;36;;Rue Alphonse Melun;94230;94016;Cachan;;;650508.88;6855727.61;2.32622;48.799727;entrée;;;CACHAN;RUE ALPHONSE MELUN;inconnue;inconnue;0;940160000A0115;962cc14c-2cfa-42bd-ab86-9cf9d0c099c9;db1676cd-ce3a-4f97-a9c6-b7f02ab7fa89;e1ce01e3-3ad8-4ae8-b38b-91ad0bc88d58;nearest;1.14;0.9;000;0A;0115
94016_0005_00040;94016_0005;40;;Rue Alphonse Melun;94230;94016;Cachan;;;650516.77;6855722.87;2.326328;48.799685;entrée;;;CACHAN;RUE ALPHONSE MELUN;inconnue;inconnue;0;940160000A0116;42c425ed-8b13-4313-a892-ca3d1807eb56;db1676cd-ce3a-4f97-a9c6-b7f02ab7fa89;e1ce01e3-3ad8-4ae8-b38b-91ad0bc88d58;nearest;0.29;0.9;000;0A;0116
94016_0005_00042;94016_0005;42;;Rue Alphonse Melun;94230;94016;Cachan;;;650519.11;6855729.63;2.326359;48.799746;entrée;;;CACHAN;RUE ALPHONSE MELUN;inconnue;inconnue;0;940160000A0117;833eddb5-3950-4da2-ba92-b1da9c6e0d49;db1676cd-ce3a-4f97-a9c6-b7f02ab7fa89;e1ce01e3-3ad8-4ae8-b38b-91ad0bc88d58;nearest;0.16;0.9;000;0A;0117
94016_0005_00044;94016_0005;44;;Rue Alphonse Melun;94230;94016;Cachan;;;650521.82;6855737.95;2.326395;48.799821;entrée;;;CACHAN;RUE ALPHONSE MELUN;inconnue;inconnue;0;940160000A0118;3be79de0-b391-4a4a-b996-a9f2bfff521e;db1676cd-ce3a-4f97-a9c6-b7f02ab7fa89;e1ce01e3-3ad8-4ae8-b38b-91ad0bc88d58;nearest;0.21;0.9;000;0A;0118
94016_0005_00048;94016_0005;48;;Rue Alphonse Melun;94230;94016;Cachan;;;650527.34;6855755.58;2.326468;48.79998;entrée;;;CACHAN;RUE ALPHONSE MELUN;inconnue;inconnue;0;940160000A0120;7d154928-492a-4d21-91cd-ae55ff89ba01;db1676cd-ce3a-4f97-a9c6-b7f02ab7fa89;e1ce01e3-3ad8-4ae8-b38b-91ad0bc88d58;nearest;0.65;0.9;000;0A;0120
94016_0005_00050;94016_0005;50;;Rue Alphonse Melun;94230;94016;Cachan;;;650533.59;6855773.54;2.326551;48.800142;entrée;;;CACHAN;RUE ALPHONSE MELUN;inconnue;inconnue;0;940160000A0121;bfc9726a-5630-4a41-81a7-91c82275efd5;db1676cd-ce3a-4f97-a9c6-b7f02ab7fa89;e1ce01e3-3ad8-4ae8-b38b-91ad0bc88d58;nearest;0.25;0.9;000;0A;0121
94016_0005_00052;94016_0005;52;;Rue Alphonse Melun;94230;94016;Cachan;;;650539.02;6855790.95;2.326623;48.800299;entrée;;;CACHAN;RUE ALPHONSE MELUN;inconnue;inconnue;0;940160000A0196;2e7211f1-3e17-4936-b6dd-5723054c9971;db1676cd-ce3a-4f97-a9c6-b7f02ab7fa89;e1ce01e3-3ad8-4ae8-b38b-91ad0bc88d58;nearest;0.67;0.9;000;0A;0196
94016_0005_00054;94016_0005;54;;Rue Alphonse Melun;94230;94016;Cachan;;;650544.67;6855807.03;2.326698;48.800444;entrée;;;CACHAN;RUE ALPHONSE MELUN;inconnue;inconnue;0;940160000A0187;5e4300c0-fb5b-4140-add4-674347c304db;db1676cd-ce3a-4f97-a9c6-b7f02ab7fa89;e1ce01e3-3ad8-4ae8-b38b-91ad0bc88d58;nearest;0.15;0.9;000;0A;0187
94016_0005_00056;94016_0005;56;;Rue Alphonse Melun;94230;94016;Cachan;;;650549.71;6855821.11;2.326765;48.800571;segment;;;CACHAN;RUE ALPHONSE MELUN;inconnue;inconnue;0;940160000A0172;9f80003e-82e4-446a-a341-be19fcdca12c;db1676cd-ce3a-4f97-a9c6-b7f02ab7fa89;e1ce01e3-3ad8-4ae8-b38b-91ad0bc88d58;nearest;1.74;0.9;000;0A;0172
94016_1470_00002;94016_1470;2;;Rue de la Concorde;94230;94016;Cachan;;;651654.97;6854760.68;2.341932;48.791118;entrée;;;CACHAN;RUE DE LA CONCORDE;inconnue;inconnue;0;94016000AC0050;81a1d50c-bce5-4dc6-82b0-b63c1c3d0c21;f519814b-3e89-46ae-9f32-40595e7b22c2;e1ce01e3-3ad8-4ae8-b38b-91ad0bc88d58;nearest;1.57;0.9;000;AC;0050
94016_1470_00004;94016_1470;4;;Rue de la Concorde;94230;94016;Cachan;;;651669.07;6854724.87;2.342128;48.790797;entrée;;;CACHAN;RUE DE LA CONCORDE;inconnue;inconnue;0;94016000AC0176;157496c5-89e1-4e56-b12c-f1e20e56eeca;f519814b-3e89-46ae-9f32-40595e7b22c2;e1ce01e3-3ad8-4ae8-b38b-91ad0bc88d58;nearest;0.87;0.9;000;AC;0176
94016_7105_00002;94016_7105;2;;Allee du Panorama;94230;94016;Cachan;;;651341.73;6853994.08;2.337756;48.7842;entrée;;;CACHAN;ALLEE DU PANORAMA;inconnue;inconnue;0;94016000AH0418;1417188b-9f0b-4633-9ab9-a77835271410;205e41a0-c2af-4449-beaa-098b4d731d5e;e1ce01e3-3ad8-4ae8-b38b-91ad0bc88d58;within;0.0;1.0;000;AH;0418
94016_7105_00004;94016_7105;4;;Allee du Panorama;94230;94016;Cachan;;;651354.79;6854017.65;2.337931;48.784413;entrée;;;CACHAN;ALLEE DU PANORAMA;inconnue;inconnue;0;94016000AH0417;f944a27e-8b5a-4ae0-8596-9501d269faaa;205e41a0-c2af-4449-beaa-098b4d731d5e;e1ce01e3-3ad8-4ae8-b38b-91ad0bc88d58;within;0.0;1.0;000;AH;0417
94016_7105_00005;94016_7105;5;;Allee du Panorama;94230;94016;Cachan;;;651340.92;6853984.85;2.337746;48.784117;entrée;;;CACHAN;ALLEE DU PANORAMA;inconnue;inconnue;0;94016000AH0016;5a028dc4-90da-4f48-8a1b-e552b1fe7713;205e41a0-c2af-4449-beaa-098b4d731d5e;e1ce01e3-3ad8-4ae8-b38b-91ad0bc88d58;within;0.0;1.0;000;AH;0016
94016_7105_00007;94016_7105;7;;Allee du Panorama;94230;94016;Cachan;;;651347.2;6853997.25;2.33783;48.784229;entrée;;;CACHAN;ALLEE DU PANORAMA;inconnue;inconnue;0;94016000AH0416;d311b576-2965-474d-8d0e-ddade28e179d;205e41a0-c2af-4449-beaa-098b4d731d5e;e1ce01e3-3ad8-4ae8-b38b-91ad0bc88d58;within;0.0;1.0;000;AH;0416
94016_7105_00009;94016_7105;9;;Allee du Panorama;94230;94016;Cachan;;;651368.49;6854030.54;2.338116;48.78453;entrée;;;CACHAN;ALLEE DU PANORAMA;inconnue;inconnue;0;94016000AH0465;718450f0-e2fc-4d0a-acbc-b61a589e5e05;205e41a0-c2af-4449-beaa-098b4d731d5e;e1ce01e3-3ad8-4ae8-b38b-91ad0bc88d58;within;0.0;1.0;000;AH;0465
94016_7105_00010;94016_7105;10;;Allee du Panorama;94230;94016;Cachan;;;651360.16;6854027.61;2.338003;48.784503;entrée;;;CACHAN;ALLEE DU PANORAMA;inconnue;inconnue;0;94016000AH0020;42024f3d-935b-4539-bf9f-f75fdb8bc9f4;205e41a0-c2af-4449-beaa-098b4d731d5e;e1ce01e3-3ad8-4ae8-b38b-91ad0bc88d58;within;0.0;1.0;000;AH;0020
94016_7105_00018;94016_7105;18;;Allee du Panorama;94230;94016;Cachan;;;651325.63;6853992.1;2.337537;48.784181;entrée;;;CACHAN;ALLEE DU PANORAMA;inconnue;inconnue;0;94016000AH0015;8664dcb0-3724-4448-a860-f1c329a8bb12;205e41a0-c2af-4449-beaa-098b4d731d5e;e1ce01e3-3ad8-4ae8-b38b-91ad0bc88d58;within;0.0;1.0;000;AH;0015
94016_0640_00001;94016_0640;1;;Rue du Bel-air;94230;94016;Cachan;;;650366.63;6855440.5;2.324317;48.797134;entrée;;;CACHAN;RUE DU BEL AIR;inconnue;inconnue;0;940160000D0110;996051ce-7e10-4657-acca-a4ed7aceb8ca;4512b108-d887-4fea-a7ef-719e98ad3898;e1ce01e3-3ad8-4ae8-b38b-91ad0bc88d58;nearest;0.23;0.9;000;0D;0110
94016_0640_00002;94016_0640;2;;Rue du Bel-air;94230;94016;Cachan;;;650361.7;6855455.78;2.324248;48.797271;entrée;;;CACHAN;RUE DU BEL AIR;inconnue;inconnue;0;940160000C0115;dd402236-455f-4702-862c-04a11d471ec8;4512b108-d887-4fea-a7ef-719e98ad3898;e1ce01e3-3ad8-4ae8-b38b-91ad0bc88d58;nearest;1.52;0.9;000;0C;0115
94016_0640_00003;94016_0640;3;;Rue du Bel-air;94230;94016;Cachan;;;650361.4;6855421.42;2.324248;48.796962;entrée;;;CACHAN;RUE DU BEL AIR;inconnue;inconnue;0;940160000D0109;15a9a5f5-794e-4a09-8a78-a6f19de0c7b9;4512b108-d887-4fea-a7ef-719e98ad3898;e1ce01e3-3ad8-4ae8-b38b-91ad0bc88d58;nearest;0.23;0.9;000;0D;0109
94016_0640_00004;94016_0640;4;;Rue du Bel-air;94230;94016;Cachan;;;650359.27;6855447.01;2.324216;48.797192;entrée;;;CACHAN;RUE DU BEL AIR;inconnue;inconnue;0;940160000D0026;ff05e934-8a96-4ef5-8ee1-ea4a5bf774af;4512b108-d887-4fea-a7ef-719e98ad3898;e1ce01e3-3ad8-4ae8-b38b-91ad0bc88d58;nearest;1.54;0.9;000;0D;0026
94016_0640_00006;94016_0640;6;;Rue du Bel-air;94230;94016;Cachan;;;650356.99;6855438.36;2.324186;48.797114;entrée;;;CACHAN;RUE DU BEL AIR;inconnue;inconnue;0;940160000D0168;d86b5718-ad8c-4a4c-9cfb-735b0afbcc74;4512b108-d887-4fea-a7ef-719e98ad3898;e1ce01e3-3ad8-4ae8-b38b-91ad0bc88d58;nearest;1.64;0.9;000;0D;0168
94016_0640_00008;94016_0640;8;;Rue du Bel-air;94230;94016;Cachan;;;650344.59;6855396.77;2.324022;48.796739;entrée;;;CACHAN;RUE DU BEL AIR;inconnue;inconnue;0;940160000D0046;503292e8-d57e-4606-a395-a08394f8003c;4512b108-d887-4fea-a7ef-719e98ad3898;e1ce01e3-3ad8-4ae8-b38b-91ad0bc88d58;nearest;0.18;0.9;000;0D;0046
94016_0640_00010;94016_0640;10;;Rue du Bel-air;94230;94016;Cachan;;;650342.13;6855383.89;2.32399;48.796623;entrée;;;CACHAN;RUE DU BEL AIR;inconnue;inconnue;0;940160000D0047;a2460eee-410e-432e-8653-62b2409509aa;4512b108-d887-4fea-a7ef-719e98ad3898;e1ce01e3-3ad8-4ae8-b38b-91ad0bc88d58;nearest;1.64;0.9;000;0D;0047
94016_0640_00011;94016_0640;11;;Rue du Bel-air;94230;94016;Cachan;;;650368.79;6855400.9;2.324351;48.796778;entrée;;;CACHAN;RUE DU BEL AIR;inconnue;inconnue;0;940160000D0096;4616aaca-8d4d-4497-aa61-90e9fb80540e;4512b108-d887-4fea-a7ef-719e98ad3898;e1ce01e3-3ad8-4ae8-b38b-91ad0bc88d58;nearest;0.42;0.9;000;0D;0096
94016_0640_00015;94016_0640;15;;Rue du Bel-air;94230;94016;Cachan;;;650341.69;6855349.53;2.323988;48.796314;entrée;;;CACHAN;RUE DU BEL AIR;inconnue;inconnue;0;940160000D0080;34806264-c71e-41c4-bcbf-a61dded28d01;4512b108-d887-4fea-a7ef-719e98ad3898;e1ce01e3-3ad8-4ae8-b38b-91ad0bc88d58;nearest;0.3;0.9;000;0D;0080
94016_0640_00017;94016_0640;17;;Rue du Bel-air;94230;94016;Cachan;;;650336.83;6855331.45;2.323924;48.796151;entrée;;;CACHAN;RUE DU BEL AIR;inconnue;inconnue;0;940160000D0078;98d7b1c9-2d29-448f-ae7a-32f763aa3228;4512b108-d887-4fea-a7ef-719e98ad3898;e1ce01e3-3ad8-4ae8-b38b-91ad0bc88d58;nearest;0.25;0.9;000;0D;0078
94016_0640_00006_bis;94016_0640;6;bis;Rue du Bel-air;94230;94016;Cachan;;;650352.72;6855420.16;2.32413;48.79695;entrée;;;CACHAN;RUE DU BEL AIR;inconnue;inconnue;0;940160000D0173;82823d0a-7ebe-4a2f-ac31-f8afdc1516e4;4512b108-d887-4fea-a7ef-719e98ad3898;e1ce01e3-3ad8-4ae8-b38b-91ad0bc88d58;nearest;2.59;0.9;000;0D;0173
94016_4126_00001;94016_4126;1;;Villa de la Gare;94230;94016;Cachan;;;650388.89;6855894.98;2.324567;48.801223;segment;;;CACHAN;VILLA DE LA GARE;inconnue;inconnue;0;940160000A0008;3aff1e91-64ef-4804-9830-59f46d64af3a;bf8da19b-471d-44b2-a01d-06051eb374df;e1ce01e3-3ad8-4ae8-b38b-91ad0bc88d58;within;0.0;1.0;000;0A;0008
94016_4126_00002;94016_4126;2;;Villa de la Gare;94230;94016;Cachan;;;650392.09;6855891.17;2.324611;48.801189;entrée;;;CACHAN;VILLA DE LA GARE;inconnue;inconnue;0;940160000A0009;9301f0d2-177b-48e3-9cad-fc20fdf691b3;bf8da19b-471d-44b2-a01d-06051eb374df;e1ce01e3-3ad8-4ae8-b38b-91ad0bc88d58;within;0.0;1.0;000;0A;0009
94016_4126_00003;94016_4126;3;;Villa de la Gare;94230;94016;Cachan;;;650385.13;6855885.56;2.324517;48.801138;entrée;;;CACHAN;VILLA DE LA GARE;inconnue;inconnue;0;940160000A0007;cfd21427-32a9-47f5-8f73-731ccaba2167;bf8da19b-471d-44b2-a01d-06051eb374df;e1ce01e3-3ad8-4ae8-b38b-91ad0bc88d58;within;0.0;1.0;000;0A;0007
94016_4126_00004;94016_4126;4;;Villa de la Gare;94230;94016;Cachan;;;650387.6;6855881.65;2.324551;48.801103;entrée;;;CACHAN;VILLA DE LA GARE;inconnue;inconnue;0;940160000A0010;bd7339b5-d6b5-410a-ab91-84f449466817;bf8da19b-471d-44b2-a01d-06051eb374df;e1ce01e3-3ad8-4ae8-b38b-91ad0bc88d58;within;0.0;1.0;000;0A;0010
94016_4126_00005;94016_4126;5;;Villa de la Gare;94230;94016;Cachan;;;650381.4;6855878.25;2.324467;48.801072;entrée;;;CACHAN;VILLA DE LA GARE;inconnue;inconnue;0;940160000A0006;e8d768af-5dbd-4c46-87ad-9dc82b3a0b84;bf8da19b-471d-44b2-a01d-06051eb374df;e1ce01e3-3ad8-4ae8-b38b-91ad0bc88d58;within;0.0;1.0;000;0A;0006
94016_4126_00006;94016_4126;6;;Villa de la Gare;94230;94016;Cachan;;;650384.68;6855875.56;2.324512;48.801048;entrée;;;CACHAN;VILLA DE LA GARE;inconnue;inconnue;0;940160000A0011;362af114-d4e4-4507-85c6-c67a8c9a4276;bf8da19b-471d-44b2-a01d-06051eb374df;e1ce01e3-3ad8-4ae8-b38b-91ad0bc88d58;within;0.0;1.0;000;0A;0011
94016_4126_00007;94016_4126;7;;Villa de la Gare;94230;94016;Cachan;;;650380.69;6855873.03;2.324458;48.801025;entrée;;;CACHAN;VILLA DE LA GARE;inconnue;inconnue;0;940160000A0006;ee82f955-547f-4ee0-ac74-99ece03bd7c1;bf8da19b-471d-44b2-a01d-06051eb374df;e1ce01e3-3ad8-4ae8-b38b-91ad0bc88d58;within;0.0;1.0;000;0A;0006
94016_4126_00008;94016_4126;8;;Villa de la Gare;94230;94016;Cachan;;;650382.23;6855872.35;2.324479;48.801019;entrée;;;CACHAN;VILLA DE LA GARE;inconnue;inconnue;0;940160000A0011;9044e7c8-8236-40b5-97b1-4a7315d019fa;bf8da19b-471d-44b2-a01d-06051eb374df;e1ce01e3-3ad8-4ae8-b38b-91ad0bc88d58;within;0.0;1.0;000;0A;0011
94016_0695_00002;94016_0695;2;;Rue de Bretagne;94230;94016;Cachan;;;650831.37;6854091.22;2.330799;48.785035;entrée;;;CACHAN;RUE DE BRETAGNE;inconnue;inconnue;0;940160000N0074;699827c9-9862-4e7c-8dd0-ed13914dbe95;31e3e828-ca73-4b54-8d56-adfa4c23dba7;e1ce01e3-3ad8-4ae8-b38b-91ad0bc88d58;within;0.0;1.0;000;0N;0074
94016_0695_00004;94016_0695;4;;Rue de Bretagne;94230;94016;Cachan;;;650830.34;6854074;2.330787;48.78488;entrée;;;CACHAN;RUE DE BRETAGNE;inconnue;inconnue;0;940160000N0074;1dd7f922-d1cf-4cb0-bd3a-0e4f6b442a1e;31e3e828-ca73-4b54-8d56-adfa4c23dba7;e1ce01e3-3ad8-4ae8-b38b-91ad0bc88d58;within;0.0;1.0;000;0N;0074
94016_0695_00006;94016_0695;6;;Rue de Bretagne;94230;94016;Cachan;;;650868.25;6854055.89;2.331305;48.78472;entrée;;;CACHAN;RUE DE BRETAGNE;inconnue;inconnue;0;940160000N0074;10c3ad23-2abc-44dc-8a8f-3ee88bc1194c;31e3e828-ca73-4b54-8d56-adfa4c23dba7;e1ce01e3-3ad8-4ae8-b38b-91ad0bc88d58;within;0.0;1.0;000;0N;0074
94016_0695_00008;94016_0695;8;;Rue de Bretagne;94230;94016;Cachan;;;650833.67;6854041.95;2.330836;48.784592;entrée;;;CACHAN;RUE DE BRETAGNE;inconnue;inconnue;0;940160000N0074;036eeb43-08fe-4e25-b6ce-e9c9163b2790;31e3e828-ca73-4b54-8d56-adfa4c23dba7;e1ce01e3-3ad8-4ae8-b38b-91ad0bc88d58;within;0.0;1.0;000;0N;0074
94016_5120_00001;94016_5120;1;;Rue Lavoisier;94230;94016;Cachan;;;650265.73;6855083.66;2.322985;48.793917;entrée;;;CACHAN;RUE LAVOISIER;inconnue;inconnue;0;940160000E0213;7d7a5038-b036-4a38-a8ad-50ff2752c009;6bff88a0-451a-484e-8c98-c4ae67e663b7;e1ce01e3-3ad8-4ae8-b38b-91ad0bc88d58;nearest;0.03;0.9;000;0E;0213
94016_5120_00002;94016_5120;2;;Rue Lavoisier;94230;94016;Cachan;;;650288.71;6855082.57;2.323298;48.793909;entrée;;;CACHAN;RUE LAVOISIER;inconnue;inconnue;0;940160000E0109;8a729229-2f5f-427a-8286-fb07e0514a80;6bff88a0-451a-484e-8c98-c4ae67e663b7;e1ce01e3-3ad8-4ae8-b38b-91ad0bc88d58;nearest;1.27;0.9;000;0E;0109
94016_5120_00003;94016_5120;3;;Rue Lavoisier;94230;94016;Cachan;;;650255.19;6855088.64;2.322841;48.793961;entrée;;;CACHAN;RUE LAVOISIER;inconnue;inconnue;0;940160000E0214;1ed15eae-b078-49fd-ae69-a4728f5f10fd;6bff88a0-451a-484e-8c98-c4ae67e663b7;e1ce01e3-3ad8-4ae8-b38b-91ad0bc88d58;nearest;0.06;0.9;000;0E;0214
94016_5120_00004;94016_5120;4;;Rue Lavoisier;94230;94016;Cachan;;;650278.39;6855087.44;2.323157;48.793952;entrée;;;CACHAN;RUE LAVOISIER;inconnue;inconnue;0;940160000E0105;7de44448-4ed8-44fa-b983-6237bfc24fae;6bff88a0-451a-484e-8c98-c4ae67e663b7;e1ce01e3-3ad8-4ae8-b38b-91ad0bc88d58;nearest;1.25;0.9;000;0E;0105
94016_5120_00005;94016_5120;5;;Rue Lavoisier;94230;94016;Cachan;;;650245.82;6855093.06;2.322713;48.794;entrée;;;CACHAN;RUE LAVOISIER;inconnue;inconnue;0;940160000E0215;23651004-8970-4904-92b3-18594ac6aca3;6bff88a0-451a-484e-8c98-c4ae67e663b7;e1ce01e3-3ad8-4ae8-b38b-91ad0bc88d58;nearest;0.09;0.9;000;0E;0215
94016_5120_00006;94016_5120;6;;Rue Lavoisier;94230;94016;Cachan;;;650259.59;6855096.27;2.3229;48.79403;entrée;;;CACHAN;RUE LAVOISIER;inconnue;inconnue;0;940160000E0104;77479f32-f785-41e8-96e6-34a6a3be90bd;6bff88a0-451a-484e-8c98-c4ae67e663b7;e1ce01e3-3ad8-4ae8-b38b-91ad0bc88d58;nearest;1.25;0.9;000;0E;0104
94016_5120_00007;94016_5120;7;;Rue Lavoisier;94230;94016;Cachan;;;650237.12;6855097.13;2.322594;48.794036;entrée;;;CACHAN;RUE LAVOISIER;inconnue;inconnue;0;940160000E0216;aebb1f4d-4b8c-4963-aa0c-6b68c42094bb;6bff88a0-451a-484e-8c98-c4ae67e663b7;e1ce01e3-3ad8-4ae8-b38b-91ad0bc88d58;nearest;0.08;0.9;000;0E;0216
94016_5120_00008;94016_5120;8;;Rue Lavoisier;94230;94016;Cachan;;;650250.52;6855100.47;2.322776;48.794067;entrée;;;CACHAN;RUE LAVOISIER;inconnue;inconnue;0;940160000E0103;0510cc89-2518-443a-a59c-5ebb9feb17dd;6bff88a0-451a-484e-8c98-c4ae67e663b7;e1ce01e3-3ad8-4ae8-b38b-91ad0bc88d58;nearest;1.31;0.9;000;0E;0103
94016_5120_00009;94016_5120;9;;Rue Lavoisier;94230;94016;Cachan;;;650228.63;6855101.1;2.322478;48.794071;entrée;;;CACHAN;RUE LAVOISIER;inconnue;inconnue;0;940160000E0217;8131bc9a-e345-426c-a6f8-b587a2607bb7;6bff88a0-451a-484e-8c98-c4ae67e663b7;e1ce01e3-3ad8-4ae8-b38b-91ad0bc88d58;nearest;0.08;0.9;000;0E;0217
94016_5120_00010;94016_5120;10;;Rue Lavoisier;94230;94016;Cachan;;;650241.37;6855104.77;2.322651;48.794105;entrée;;;CACHAN;RUE LAVOISIER;inconnue;inconnue;0;940160000E0102;5244dd91-0e08-4536-a056-d8a4221dd33a;6bff88a0-451a-484e-8c98-c4ae67e663b7;e1ce01e3-3ad8-4ae8-b38b-91ad0bc88d58;nearest;1.28;0.9;000;0E;0102
94016_5120_00011;94016_5120;11;;Rue Lavoisier;94230;94016;Cachan;;;650220.8;6855104.83;2.322371;48.794104;entrée;;;CACHAN;RUE LAVOISIER;inconnue;inconnue;0;940160000E0218;24270663-1ed7-47db-beba-e70366e1321f;6bff88a0-451a-484e-8c98-c4ae67e663b7;e1ce01e3-3ad8-4ae8-b38b-91ad0bc88d58;nearest;0.15;0.9;000;0E;0218
94016_5120_00012;94016_5120;12;;Rue Lavoisier;94230;94016;Cachan;;;650232.81;6855108.85;2.322534;48.794141;entrée;;;CACHAN;RUE LAVOISIER;inconnue;inconnue;0;940160000E0101;2e2523c2-c431-4e0b-b095-1c9a814f5b00;6bff88a0-451a-484e-8c98-c4ae67e663b7;e1ce01e3-3ad8-4ae8-b38b-91ad0bc88d58;nearest;1.2;0.9;000;0E;0101
94016_5120_00013;94016_5120;13;;Rue Lavoisier;94230;94016;Cachan;;;650212.31;6855108.69;2.322255;48.794138;entrée;;;CACHAN;RUE LAVOISIER;inconnue;inconnue;0;940160000E0219;b4d7f261-6e34-4bf3-a831-ad3cf9fd054d;6bff88a0-451a-484e-8c98-c4ae67e663b7;e1ce01e3-3ad8-4ae8-b38b-91ad0bc88d58;nearest;0.04;0.9;000;0E;0219
94016_5120_00014;94016_5120;14;;Rue Lavoisier;94230;94016;Cachan;;;650223.59;6855113.15;2.322408;48.794179;entrée;;;CACHAN;RUE LAVOISIER;inconnue;inconnue;0;940160000E0100;efd08aea-ab74-4a58-a3fc-674de156995d;6bff88a0-451a-484e-8c98-c4ae67e663b7;e1ce01e3-3ad8-4ae8-b38b-91ad0bc88d58;nearest;1.18;0.9;000;0E;0100
94016_5120_00015;94016_5120;15;;Rue Lavoisier;94230;94016;Cachan;;;650203.9;6855112.65;2.32214;48.794173;entrée;;;CACHAN;RUE LAVOISIER;inconnue;inconnue;0;940160000E0220;b43f0aaa-11f8-4ff8-90c0-cd5b9511136a;6bff88a0-451a-484e-8c98-c4ae67e663b7;e1ce01e3-3ad8-4ae8-b38b-91ad0bc88d58;nearest;0.07;0.9;000;0E;0220
94016_5120_00016;94016_5120;16;;Rue Lavoisier;94230;94016;Cachan;;;650206.47;6855121.08;2.322174;48.794249;entrée;;;CACHAN;RUE LAVOISIER;inconnue;inconnue;0;940160000E0098;949c064b-080e-4b00-85fb-779fa865ee8a;6bff88a0-451a-484e-8c98-c4ae67e663b7;e1ce01e3-3ad8-4ae8-b38b-91ad0bc88d58;nearest;1.24;0.9;000;0E;0098
94016_5120_00017;94016_5120;17;;Rue Lavoisier;94230;94016;Cachan;;;650194.53;6855116.96;2.322012;48.794211;entrée;;;CACHAN;RUE LAVOISIER;inconnue;inconnue;0;940160000E0221;057f28e6-2bf0-4b6f-bde0-7f0bbe4eb5ba;6bff88a0-451a-484e-8c98-c4ae67e663b7;e1ce01e3-3ad8-4ae8-b38b-91ad0bc88d58;nearest;0.02;0.9;000;0E;0221
94016_5120_00018;94016_5120;18;;Rue Lavoisier;94230;94016;Cachan;;;650194.32;6855126.74;2.322008;48.794299;entrée;;;CACHAN;RUE LAVOISIER;inconnue;inconnue;0;940160000E0097;391d861e-503b-4ae4-ab33-b9b5c4db8ad4;6bff88a0-451a-484e-8c98-c4ae67e663b7;e1ce01e3-3ad8-4ae8-b38b-91ad0bc88d58;nearest;1.23;0.9;000;0E;0097
94016_5120_00019;94016_5120;19;;Rue Lavoisier;94230;94016;Cachan;;;650185.82;6855121.15;2.321893;48.794248;entrée;;;CACHAN;RUE LAVOISIER;inconnue;inconnue;0;940160000E0222;502f3b94-a94f-46d5-8511-bfc72477485f;6bff88a0-451a-484e-8c98-c4ae67e663b7;e1ce01e3-3ad8-4ae8-b38b-91ad0bc88d58;nearest;0.15;0.9;000;0E;0222
94016_5120_00020;94016_5120;20;;Rue Lavoisier;94230;94016;Cachan;;;650180.49;6855133.2;2.321819;48.794356;entrée;;;CACHAN;RUE LAVOISIER;inconnue;inconnue;0;940160000E0096;adb14ca0-9bbe-4cee-b756-f1fd53525ef4;6bff88a0-451a-484e-8c98-c4ae67e663b7;e1ce01e3-3ad8-4ae8-b38b-91ad0bc88d58;nearest;1.22;0.9;000;0E;0096
94016_5120_00021;94016_5120;21;;Rue Lavoisier;94230;94016;Cachan;;;650176.9;6855125.23;2.321771;48.794284;entrée;;;CACHAN;RUE LAVOISIER;inconnue;inconnue;0;940160000E0223;65c6798d-9c25-4416-836a-45e4092d9da3;6bff88a0-451a-484e-8c98-c4ae67e663b7;e1ce01e3-3ad8-4ae8-b38b-91ad0bc88d58;nearest;0.07;0.9;000;0E;0223
94016_5120_00022;94016_5120;22;;Rue Lavoisier;94230;94016;Cachan;;;650169.59;6855138.19;2.32167;48.7944;entrée;;;CACHAN;RUE LAVOISIER;inconnue;inconnue;0;940160000E0095;00ac5b62-5049-4247-8b6a-fbd57b32d01b;6bff88a0-451a-484e-8c98-c4ae67e663b7;e1ce01e3-3ad8-4ae8-b38b-91ad0bc88d58;nearest;1.3;0.9;000;0E;0095
94016_5120_00023;94016_5120;23;;Rue Lavoisier;94230;94016;Cachan;;;650158.97;6855133.39;2.321526;48.794356;segment;;;CACHAN;RUE LAVOISIER;inconnue;inconnue;0;940160000E0224;0cd97d6d-5e6a-4c14-8637-92cb13c3c1e7;6bff88a0-451a-484e-8c98-c4ae67e663b7;e1ce01e3-3ad8-4ae8-b38b-91ad0bc88d58;within;0.0;1.0;000;0E;0224
94016_5120_00025;94016_5120;25;;Rue Lavoisier;94230;94016;Cachan;;;650155.97;6855134.97;2.321485;48.79437;entrée;;;CACHAN;RUE LAVOISIER;inconnue;inconnue;0;940160000E0224;9d3b06eb-3699-4f57-85e1-0083583eac37;6bff88a0-451a-484e-8c98-c4ae67e663b7;e1ce01e3-3ad8-4ae8-b38b-91ad0bc88d58;nearest;0.07;0.9;000;0E;0224
94016_5120_00014_bis;94016_5120;14;bis;Rue Lavoisier;94230;94016;Cachan;;;650213.27;6855117.35;2.322267;48.794216;entrée;;;CACHAN;RUE LAVOISIER;inconnue;inconnue;0;940160000E0099;dbf4243d-59ce-4781-b15a-872e15c5d6ed;6bff88a0-451a-484e-8c98-c4ae67e663b7;e1ce01e3-3ad8-4ae8-b38b-91ad0bc88d58;nearest;1.76;0.9;000;0E;0099
94016_4200_00002;94016_4200;2;;Allee Gustave Courbet;94230;94016;Cachan;;;651575.98;6854248.86;2.340915;48.786509;entrée;;;CACHAN;ALLEE GUSTAVE COURBET;inconnue;inconnue;0;94016000AD0435;b51675d0-6b0d-4a65-8331-cde3800d342f;a5bfc16f-1143-4df2-a29c-43972d178692;e1ce01e3-3ad8-4ae8-b38b-91ad0bc88d58;within;0.0;1.0;000;AD;0435
94016_4200_00004;94016_4200;4;;Allee Gustave Courbet;94230;94016;Cachan;;;651580.31;6854274.95;2.340971;48.786744;entrée;;;CACHAN;ALLEE GUSTAVE COURBET;inconnue;inconnue;0;94016000AD0435;9f8506d8-d3ce-4b94-afd5-7c8bbd218392;a5bfc16f-1143-4df2-a29c-43972d178692;e1ce01e3-3ad8-4ae8-b38b-91ad0bc88d58;within;0.0;1.0;000;AD;0435
94016_4200_00006;94016_4200;6;;Allee Gustave Courbet;94230;94016;Cachan;;;651580.41;6854277.84;2.340972;48.78677;entrée;;;CACHAN;ALLEE GUSTAVE COURBET;inconnue;inconnue;0;94016000AD0435;edb525ac-d9a0-4d30-a4b7-e813ce8e34a0;a5bfc16f-1143-4df2-a29c-43972d178692;e1ce01e3-3ad8-4ae8-b38b-91ad0bc88d58;within;0.0;1.0;000;AD;0435
94016_4200_00008;94016_4200;8;;Allee Gustave Courbet;94230;94016;Cachan;;;651581.82;6854305.96;2.340988;48.787023;entrée;;;CACHAN;ALLEE GUSTAVE COURBET;inconnue;inconnue;0;94016000AD0435;66439165-c1f9-4e98-8481-5cac39ce3f9a;a5bfc16f-1143-4df2-a29c-43972d178692;e1ce01e3-3ad8-4ae8-b38b-91ad0bc88d58;within;0.0;1.0;000;AD;0435
94016_4200_00010;94016_4200;10;;Allee Gustave Courbet;94230;94016;Cachan;;;651583.78;6854320.96;2.341013;48.787158;entrée;;;CACHAN;ALLEE GUSTAVE COURBET;inconnue;inconnue;0;94016000AD0435;25c6546a-d53f-431a-8e4e-5362ab3d57d4;a5bfc16f-1143-4df2-a29c-43972d178692;e1ce01e3-3ad8-4ae8-b38b-91ad0bc88d58;within;0.0;1.0;000;AD;0435
94016_4200_00012;94016_4200;12;;Allee Gustave Courbet;94230;94016;Cachan;;;651587.07;6854336.05;2.341056;48.787294;entrée;;;CACHAN;ALLEE GUSTAVE COURBET;inconnue;inconnue;0;94016000AD0435;53a1494e-dc91-4dd7-8784-74119712bb8f;a5bfc16f-1143-4df2-a29c-43972d178692;e1ce01e3-3ad8-4ae8-b38b-91ad0bc88d58;within;0.0;1.0;000;AD;0435
94016_5160_00001;94016_5160;1;;Rue de Lorraine;94230;94016;Cachan;;;650557.3;6854712.45;2.326997;48.790601;entrée;;;CACHAN;RUE DE LORRAINE;inconnue;inconnue;0;940160000I0029;9ff586ec-1499-4385-9989-9b7fc59c4438;10db2b89-1138-407f-a6b1-f7b4a4311b18;e1ce01e3-3ad8-4ae8-b38b-91ad0bc88d58;nearest;0.16;0.9;000;0I;0029
94016_5160_00002;94016_5160;2;;Rue de Lorraine;94230;94016;Cachan;;;650567.88;6854712.69;2.327141;48.790604;segment;;;CACHAN;RUE DE LORRAINE;inconnue;inconnue;0;940160000I0094;ece6dadc-9e30-4f98-b7fb-e8e3417c2a07;10db2b89-1138-407f-a6b1-f7b4a4311b18;e1ce01e3-3ad8-4ae8-b38b-91ad0bc88d58;nearest;7.58;0.75;000;0I;0094
94016_5160_00003;94016_5160;3;;Rue de Lorraine;94230;94016;Cachan;;;650554.31;6854722.93;2.326955;48.790695;entrée;;;CACHAN;RUE DE LORRAINE;inconnue;inconnue;0;940160000I0185;25abf7b4-6283-4010-af2d-156498b86cb4;10db2b89-1138-407f-a6b1-f7b4a4311b18;e1ce01e3-3ad8-4ae8-b38b-91ad0bc88d58;nearest;0.18;0.9;000;0I;0185
94016_5160_00004;94016_5160;4;;Rue de Lorraine;94230;94016;Cachan;;;650556.21;6854748.6;2.326978;48.790926;entrée;;;CACHAN;RUE DE LORRAINE;inconnue;inconnue;0;940160000I0205;0df77b71-5373-41d8-9663-d34511fcfce5;10db2b89-1138-407f-a6b1-f7b4a4311b18;e1ce01e3-3ad8-4ae8-b38b-91ad0bc88d58;nearest;1.64;0.9;000;0I;0205
94016_5160_00005;94016_5160;5;;Rue de Lorraine;94230;94016;Cachan;;;650550.81;6854735.08;2.326906;48.790804;entrée;;;CACHAN;RUE DE LORRAINE;inconnue;inconnue;0;940160000I0184;cc8de1e1-3b46-40b9-82fe-477049a99204;10db2b89-1138-407f-a6b1-f7b4a4311b18;e1ce01e3-3ad8-4ae8-b38b-91ad0bc88d58;nearest;0.17;0.9;000;0I;0184
94016_5160_00006;94016_5160;6;;Rue de Lorraine;94230;94016;Cachan;;;650552;6854762.98;2.326919;48.791055;entrée;;;CACHAN;RUE DE LORRAINE;inconnue;inconnue;0;940160000I0028;8bb2f733-af0a-4089-82ce-42836d7f6b30;10db2b89-1138-407f-a6b1-f7b4a4311b18;e1ce01e3-3ad8-4ae8-b38b-91ad0bc88d58;nearest;1.66;0.9;000;0I;0028
94016_5160_00007;94016_5160;7;;Rue de Lorraine;94230;94016;Cachan;;;650539.53;6854774.09;2.326748;48.791154;entrée;;;CACHAN;RUE DE LORRAINE;inconnue;inconnue;0;940160000I0215;a8a39a08-676a-444c-b200-fd071c5e9bfe;10db2b89-1138-407f-a6b1-f7b4a4311b18;e1ce01e3-3ad8-4ae8-b38b-91ad0bc88d58;nearest;0.21;0.9;000;0I;0215
94016_5160_00008;94016_5160;8;;Rue de Lorraine;94230;94016;Cachan;;;650548.29;6854775.57;2.326867;48.791168;entrée;;;CACHAN;RUE DE LORRAINE;inconnue;inconnue;0;940160000I0193;6cff479f-628d-491f-9864-6621281765b9;10db2b89-1138-407f-a6b1-f7b4a4311b18;e1ce01e3-3ad8-4ae8-b38b-91ad0bc88d58;nearest;1.72;0.9;000;0I;0193
94016_5160_00012;94016_5160;12;;Rue de Lorraine;94230;94016;Cachan;;;650532.67;6854831.19;2.326648;48.791667;entrée;;;CACHAN;RUE DE LORRAINE;inconnue;inconnue;0;940160000G0031;4abb75ef-baba-4957-8bd7-a527b2aa79c6;10db2b89-1138-407f-a6b1-f7b4a4311b18;e1ce01e3-3ad8-4ae8-b38b-91ad0bc88d58;nearest;1.27;0.9;000;0G;0031
94016_5160_00013;94016_5160;13;;Rue de Lorraine;94230;94016;Cachan;;;650521.87;6854839.07;2.3265;48.791737;entrée;;;CACHAN;RUE DE LORRAINE;inconnue;inconnue;0;940160000G0047;61672513-25e8-46ba-b0ed-cc0f337d35d5;10db2b89-1138-407f-a6b1-f7b4a4311b18;e1ce01e3-3ad8-4ae8-b38b-91ad0bc88d58;nearest;1.47;0.9;000;0G;0047
94016_5160_00014;94016_5160;14;;Rue de Lorraine;94230;94016;Cachan;;;650527.83;6854848.47;2.32658;48.791822;entrée;;;CACHAN;RUE DE LORRAINE;inconnue;inconnue;0;940160000G0011;f924d953-1fb5-438e-b28a-47e75972c8e2;10db2b89-1138-407f-a6b1-f7b4a4311b18;e1ce01e3-3ad8-4ae8-b38b-91ad0bc88d58;nearest;1.12;0.9;000;0G;0011
94016_5160_00015;94016_5160;15;;Rue de Lorraine;94230;94016;Cachan;;;650517.22;6854853.89;2.326435;48.79187;entrée;;;CACHAN;RUE DE LORRAINE;inconnue;inconnue;0;940160000G0048;b4f9652d-5432-4699-8c70-8ec49c93dd45;10db2b89-1138-407f-a6b1-f7b4a4311b18;e1ce01e3-3ad8-4ae8-b38b-91ad0bc88d58;nearest;0.88;0.9;000;0G;0048
94016_5160_00016;94016_5160;16;;Rue de Lorraine;94230;94016;Cachan;;;650524.83;6854859.05;2.326538;48.791917;entrée;;;CACHAN;RUE DE LORRAINE;inconnue;inconnue;0;940160000G0046;0664b247-c2e4-4f21-8a18-20e0dda9e252;10db2b89-1138-407f-a6b1-f7b4a4311b18;e1ce01e3-3ad8-4ae8-b38b-91ad0bc88d58;nearest;1.06;0.9;000;0G;0046
94016_5160_00018;94016_5160;18;;Rue de Lorraine;94230;94016;Cachan;;;650521.62;6854869.87;2.326493;48.792014;entrée;;;CACHAN;RUE DE LORRAINE;inconnue;inconnue;0;940160000G0045;04203d00-b9d4-453e-99b2-a7a1dfe5b21e;10db2b89-1138-407f-a6b1-f7b4a4311b18;e1ce01e3-3ad8-4ae8-b38b-91ad0bc88d58;nearest;1.17;0.9;000;0G;0045
94016_5160_00019;94016_5160;19;;Rue de Lorraine;94230;94016;Cachan;;;650495.07;6854892.33;2.326129;48.792214;entrée;;;CACHAN;RUE DE LORRAINE;inconnue;inconnue;0;940160000G0106;c5ec95f7-ced4-4165-88cb-d7f77d09e55e;10db2b89-1138-407f-a6b1-f7b4a4311b18;e1ce01e3-3ad8-4ae8-b38b-91ad0bc88d58;within;0.0;1.0;000;0G;0106
94016_5160_00020;94016_5160;20;;Rue de Lorraine;94230;94016;Cachan;;;650517.4;6854884.03;2.326434;48.792141;entrée;;;CACHAN;RUE DE LORRAINE;inconnue;inconnue;0;940160000G0044;1cacf9ea-d715-4abf-b6ee-2b01a20e9299;10db2b89-1138-407f-a6b1-f7b4a4311b18;e1ce01e3-3ad8-4ae8-b38b-91ad0bc88d58;nearest;1.33;0.9;000;0G;0044
94016_8180_00003;94016_8180;3;;Escalier du Rungis;94230;94016;Cachan;;;651589.28;6855226.35;2.340985;48.795301;entrée;;;CACHAN;ESCALIER DU RUNGIS;inconnue;inconnue;0;940160000V0056;2c78dbcc-5921-458b-89b6-0a7296b5bb8d;d31f0742-77cb-46a6-bba5-75d4a9375163;e1ce01e3-3ad8-4ae8-b38b-91ad0bc88d58;within;0.0;1.0;000;0V;0056
94016_8180_00004;94016_8180;4;;Escalier du Rungis;94230;94016;Cachan;;;651597.71;6855224.61;2.3411;48.795286;entrée;;;CACHAN;ESCALIER DU RUNGIS;inconnue;inconnue;0;940160000V0053;d8b03c82-13d9-428c-bd43-efe63071e345;d31f0742-77cb-46a6-bba5-75d4a9375163;e1ce01e3-3ad8-4ae8-b38b-91ad0bc88d58;nearest;0.15;0.9;000;0V;0053
94016_8180_00005;94016_8180;5;;Escalier du Rungis;94230;94016;Cachan;;;651576.78;6855224.45;2.340815;48.795283;entrée;;;CACHAN;ESCALIER DU RUNGIS;inconnue;inconnue;0;940160000V0303;25999d43-58db-4df0-bc56-38f4c48bda30;d31f0742-77cb-46a6-bba5-75d4a9375163;e1ce01e3-3ad8-4ae8-b38b-91ad0bc88d58;within;0.0;1.0;000;0V;0303
94016_5178_00002;94016_5178;2;;Allee des Lours;94230;94016;Cachan;;;651084.4;6854384.74;2.334209;48.787694;entrée;;;CACHAN;ALLEE DES LOURS;inconnue;inconnue;0;94016000AF0163;3abf48ec-5ae0-4609-8825-8123a5589d4f;1ceef3e6-c618-4d5c-a93f-55a479f310c7;e1ce01e3-3ad8-4ae8-b38b-91ad0bc88d58;nearest;0.49;0.9;000;AF;0163
94016_5178_00004;94016_5178;4;;Allee des Lours;94230;94016;Cachan;;;651145.56;6854257.91;2.335056;48.786558;entrée;;;CACHAN;ALLEE DES LOURS;inconnue;inconnue;0;94016000AF0163;313aa487-0569-4b7a-923a-f2ff18e86ae8;1ceef3e6-c618-4d5c-a93f-55a479f310c7;e1ce01e3-3ad8-4ae8-b38b-91ad0bc88d58;within;0.0;1.0;000;AF;0163
94016_5178_00006;94016_5178;6;;Allee des Lours;94230;94016;Cachan;;;651139.01;6854247.18;2.334968;48.786461;entrée;;;CACHAN;ALLEE DES LOURS;inconnue;inconnue;0;94016000AF0163;95cf21c2-1a82-4288-bbf2-42c0a2f073ab;1ceef3e6-c618-4d5c-a93f-55a479f310c7;e1ce01e3-3ad8-4ae8-b38b-91ad0bc88d58;within;0.0;1.0;000;AF;0163
94016_9654_00001;94016_9654;1;;Rue Victor Schoelcher;94230;94016;Cachan;;;650995.99;6854877.96;2.332949;48.792123;entrée;;;CACHAN;RUE VICTOR SCHOELCHER;inconnue;inconnue;0;940160000Q0276;9863b9ba-d923-420d-b454-c3f624bc5af1;8c5cdb69-f4c7-4bc8-b765-f1b9add1c0de;e1ce01e3-3ad8-4ae8-b38b-91ad0bc88d58;within;0.0;1.0;000;0Q;0276
94016_9654_00002;94016_9654;2;;Rue Victor Schoelcher;94230;94016;Cachan;;;650990.02;6854867.23;2.332869;48.792026;entrée;;;CACHAN;RUE VICTOR SCHOELCHER;inconnue;inconnue;0;940160000Q0275;e8f4717e-499b-4888-94ca-49c38cc65e9a;8c5cdb69-f4c7-4bc8-b765-f1b9add1c0de;e1ce01e3-3ad8-4ae8-b38b-91ad0bc88d58;within;0.0;1.0;000;0Q;0275
94016_9654_00003;94016_9654;3;;Rue Victor Schoelcher;94230;94016;Cachan;;;651032.88;6854852.74;2.333454;48.791899;entrée;;;CACHAN;RUE VICTOR SCHOELCHER;inconnue;inconnue;0;940160000Z0161;c5a03423-8a82-4d0d-a000-cf820bd9789b;8c5cdb69-f4c7-4bc8-b765-f1b9add1c0de;e1ce01e3-3ad8-4ae8-b38b-91ad0bc88d58;within;0.0;1.0;000;0Z;0161
94016_9654_00004;94016_9654;4;;Rue Victor Schoelcher;94230;94016;Cachan;;;651029.59;6854828.64;2.333412;48.791682;entrée;;;CACHAN;RUE VICTOR SCHOELCHER;inconnue;inconnue;0;940160000Z0180;02a79d5a-6c1b-4e55-a535-67a0eb55cba4;8c5cdb69-f4c7-4bc8-b765-f1b9add1c0de;e1ce01e3-3ad8-4ae8-b38b-91ad0bc88d58;within;0.0;1.0;000;0Z;0180
94016_9654_00006;94016_9654;6;;Rue Victor Schoelcher;94230;94016;Cachan;;;651040.48;6854804.87;2.333563;48.791469;entrée;;;CACHAN;RUE VICTOR SCHOELCHER;inconnue;inconnue;0;940160000Z0168;4898fe2b-794d-45b9-8788-147a4c64e16b;8c5cdb69-f4c7-4bc8-b765-f1b9add1c0de;e1ce01e3-3ad8-4ae8-b38b-91ad0bc88d58;within;0.0;1.0;000;0Z;0168
94016_9654_00008;94016_9654;8;;Rue Victor Schoelcher;94230;94016;Cachan;;;651052.27;6854791.31;2.333725;48.791348;entrée;;;CACHAN;RUE VICTOR SCHOELCHER;inconnue;inconnue;0;940160000Z0168;6b9c9975-2ea8-4d09-9ba5-a6f2c973eced;8c5cdb69-f4c7-4bc8-b765-f1b9add1c0de;e1ce01e3-3ad8-4ae8-b38b-91ad0bc88d58;within;0.0;1.0;000;0Z;0168
94016_6110_00001;94016_6110;1;;Impasse de la Madeleine;94230;94016;Cachan;;;650432.73;6853804.63;2.325407;48.782427;entrée;;;CACHAN;IMPASSE DE LA MADELEINE;inconnue;inconnue;0;940160000M0129;1bc01bc2-c84a-4aeb-b3ce-d29380f5ed55;183fa435-57a2-494a-be8c-4f68e2aaaa9c;e1ce01e3-3ad8-4ae8-b38b-91ad0bc88d58;within;0.0;1.0;000;0M;0129
94016_6110_00002;94016_6110;2;;Impasse de la Madeleine;94230;94016;Cachan;;;650435.03;6853816.17;2.325437;48.782531;entrée;;;CACHAN;IMPASSE DE LA MADELEINE;inconnue;inconnue;0;940160000M0019;ab53c649-205f-4e26-8d79-03cb8119cdb6;183fa435-57a2-494a-be8c-4f68e2aaaa9c;e1ce01e3-3ad8-4ae8-b38b-91ad0bc88d58;within;0.0;1.0;000;0M;0019
94016_6110_00003;94016_6110;3;;Impasse de la Madeleine;94230;94016;Cachan;;;650436.49;6853823.72;2.325456;48.782599;entrée;;;CACHAN;IMPASSE DE LA MADELEINE;inconnue;inconnue;0;940160000M0018;f4d51755-e043-42bb-9ed8-3789464a36ca;183fa435-57a2-494a-be8c-4f68e2aaaa9c;e1ce01e3-3ad8-4ae8-b38b-91ad0bc88d58;within;0.0;1.0;000;0M;0018
94016_6110_00004;94016_6110;4;;Impasse de la Madeleine;94230;94016;Cachan;;;650438.49;6853833.15;2.325482;48.782684;entrée;;;CACHAN;IMPASSE DE LA MADELEINE;inconnue;inconnue;0;940160000M0017;e167657c-8e19-4ca8-a012-0e818e14d428;183fa435-57a2-494a-be8c-4f68e2aaaa9c;e1ce01e3-3ad8-4ae8-b38b-91ad0bc88d58;within;0.0;1.0;000;0M;0017
94016_6110_00005;94016_6110;5;;Impasse de la Madeleine;94230;94016;Cachan;;;650440.4;6853842.14;2.325507;48.782765;entrée;;;CACHAN;IMPASSE DE LA MADELEINE;inconnue;inconnue;0;940160000M0016;dbab53f1-9960-44ba-a779-f52d4e1b649c;183fa435-57a2-494a-be8c-4f68e2aaaa9c;e1ce01e3-3ad8-4ae8-b38b-91ad0bc88d58;within;0.0;1.0;000;0M;0016
94016_6110_00006;94016_6110;6;;Impasse de la Madeleine;94230;94016;Cachan;;;650442.39;6853851.47;2.325533;48.782849;entrée;;;CACHAN;IMPASSE DE LA MADELEINE;inconnue;inconnue;0;940160000M0015;363b8f3b-595e-4894-a1d0-255849c9ff2c;183fa435-57a2-494a-be8c-4f68e2aaaa9c;e1ce01e3-3ad8-4ae8-b38b-91ad0bc88d58;within;0.0;1.0;000;0M;0015
94016_6110_00007;94016_6110;7;;Impasse de la Madeleine;94230;94016;Cachan;;;650444.38;6853860.79;2.325559;48.782933;entrée;;;CACHAN;IMPASSE DE LA MADELEINE;inconnue;inconnue;0;940160000M0014;de650243-2c39-4ee0-8038-89545e9bc0ed;183fa435-57a2-494a-be8c-4f68e2aaaa9c;e1ce01e3-3ad8-4ae8-b38b-91ad0bc88d58;within;0.0;1.0;000;0M;0014
94016_6110_00008;94016_6110;8;;Impasse de la Madeleine;94230;94016;Cachan;;;650447.22;6853874.55;2.325596;48.783057;entrée;;;CACHAN;IMPASSE DE LA MADELEINE;inconnue;inconnue;0;940160000M0013;2a5a3d54-4934-4cae-aedf-b867e5206d77;183fa435-57a2-494a-be8c-4f68e2aaaa9c;e1ce01e3-3ad8-4ae8-b38b-91ad0bc88d58;within;0.0;1.0;000;0M;0013
94016_6110_00009;94016_6110;9;;Impasse de la Madeleine;94230;94016;Cachan;;;650448.98;6853882.88;2.325619;48.783132;entrée;;;CACHAN;IMPASSE DE LA MADELEINE;inconnue;inconnue;0;940160000M0012;f1685bb1-6bdf-4944-b7b3-90c4af5d6a73;183fa435-57a2-494a-be8c-4f68e2aaaa9c;e1ce01e3-3ad8-4ae8-b38b-91ad0bc88d58;within;0.0;1.0;000;0M;0012
94016_6110_00011;94016_6110;11;;Impasse de la Madeleine;94230;94016;Cachan;;;650454.3;6853912.52;2.325688;48.783399;entrée;;;CACHAN;IMPASSE DE LA MADELEINE;inconnue;inconnue;0;940160000M0161;9b856643-e3da-4c8c-9d05-6c0eb2bbcd65;183fa435-57a2-494a-be8c-4f68e2aaaa9c;e1ce01e3-3ad8-4ae8-b38b-91ad0bc88d58;within;0.0;1.0;000;0M;0161
94016_6110_00012;94016_6110;12;;Impasse de la Madeleine;94230;94016;Cachan;;;650456.08;6853923.18;2.325711;48.783495;entrée;;;CACHAN;IMPASSE DE LA MADELEINE;inconnue;inconnue;0;940160000M0009;9875c87c-d8a3-4928-ac20-4856c3fc0f40;183fa435-57a2-494a-be8c-4f68e2aaaa9c;e1ce01e3-3ad8-4ae8-b38b-91ad0bc88d58;within;0.0;1.0;000;0M;0009
94016_6110_00013;94016_6110;13;;Impasse de la Madeleine;94230;94016;Cachan;;;650446.88;6853929.49;2.325585;48.783551;;;;CACHAN;IMPASSE DE LA MADELEINE;arcep;inconnue;0;940160000M0009;61ab81ec-155a-44cf-a136-e2eef9acdda9;183fa435-57a2-494a-be8c-4f68e2aaaa9c;e1ce01e3-3ad8-4ae8-b38b-91ad0bc88d58;within;0.0;1.0;000;0M;0009
94016_6500_00002;94016_6500;2;;Rue de Normandie;94230;94016;Cachan;;;650831.44;6854091.22;2.3308;48.785035;entrée;;;CACHAN;RUE DE NORMANDIE;inconnue;inconnue;0;940160000N0074;b9f6d8c4-02e7-44fa-9c01-a945e2bf4cd1;aa68fb42-d5ce-4f24-8c02-88d5ef67eb0f;e1ce01e3-3ad8-4ae8-b38b-91ad0bc88d58;within;0.0;1.0;000;0N;0074
94016_6500_00004;94016_6500;4;;Rue de Normandie;94230;94016;Cachan;;;650832.5;6854077.2;2.330816;48.784909;entrée;;;CACHAN;RUE DE NORMANDIE;inconnue;inconnue;0;940160000N0074;b173585e-73a1-44a7-a0f3-1c02ebdacec4;aa68fb42-d5ce-4f24-8c02-88d5ef67eb0f;e1ce01e3-3ad8-4ae8-b38b-91ad0bc88d58;within;0.0;1.0;000;0N;0074
94016_6500_00006;94016_6500;6;;Rue de Normandie;94230;94016;Cachan;;;650868.25;6854055.89;2.331305;48.78472;entrée;;;CACHAN;RUE DE NORMANDIE;inconnue;inconnue;0;940160000N0074;f2649800-455e-472c-b888-d902eab6ca85;aa68fb42-d5ce-4f24-8c02-88d5ef67eb0f;e1ce01e3-3ad8-4ae8-b38b-91ad0bc88d58;within;0.0;1.0;000;0N;0074
94016_6500_00008;94016_6500;8;;Rue de Normandie;94230;94016;Cachan;;;650833.74;6854041.95;2.330837;48.784592;entrée;;;CACHAN;RUE DE NORMANDIE;inconnue;inconnue;0;940160000N0074;3f6b2c93-79c1-41aa-aa2e-0fb66dc3caed;aa68fb42-d5ce-4f24-8c02-88d5ef67eb0f;e1ce01e3-3ad8-4ae8-b38b-91ad0bc88d58;within;0.0;1.0;000;0N;0074
94016_6160_00001;94016_6160;1;;Rue de Metz;94230;94016;Cachan;;;650471.31;6853745.03;2.325939;48.781894;entrée;;;CACHAN;RUE DE METZ;inconnue;inconnue;0;940160000M0055;45dbe6ab-3821-4fd8-ba7a-ef0a2a8ef5c2;5543ee15-d887-4483-8133-03453835bd6b;e1ce01e3-3ad8-4ae8-b38b-91ad0bc88d58;nearest;1.26;0.9;000;0M;0055
94016_6160_00003;94016_6160;3;;Rue de Metz;94230;94016;Cachan;;;650478.33;6853732.41;2.326036;48.781781;entrée;;;CACHAN;RUE DE METZ;inconnue;inconnue;0;940160000M0056;404b343b-34d0-49d4-9104-81b255e8cd1d;5543ee15-d887-4483-8133-03453835bd6b;e1ce01e3-3ad8-4ae8-b38b-91ad0bc88d58;nearest;1.19;0.9;000;0M;0056
94016_6160_00005;94016_6160;5;;Rue de Metz;94230;94016;Cachan;;;650485.28;6853719.9;2.326132;48.781669;entrée;;;CACHAN;RUE DE METZ;inconnue;inconnue;0;940160000M0057;3e9df92d-b209-4eb2-a1a6-f2047554d346;5543ee15-d887-4483-8133-03453835bd6b;e1ce01e3-3ad8-4ae8-b38b-91ad0bc88d58;nearest;1.16;0.9;000;0M;0057
94016_8520_00001;94016_8520;1;;Villa Serré;94230;94016;Cachan;;;650497.9;6855835.45;2.326058;48.800696;;;;CACHAN;VILLA SERRE;arcep;inconnue;0;940160000A0040;d1f19133-7901-4627-b7e1-056371a30aa9;1e023b38-2a05-4f98-948c-eca513e38a1d;e1ce01e3-3ad8-4ae8-b38b-91ad0bc88d58;within;0.0;1.0;000;0A;0040
94016_8520_00003;94016_8520;3;;Villa Serré;94230;94016;Cachan;;;650498.77;6855825.99;2.326071;48.800611;entrée;;;CACHAN;VILLA SERRE;inconnue;inconnue;0;940160000A0039;210963f4-bae7-4602-9683-078abf1c1861;1e023b38-2a05-4f98-948c-eca513e38a1d;e1ce01e3-3ad8-4ae8-b38b-91ad0bc88d58;within;0.0;1.0;000;0A;0039
94016_8520_00005;94016_8520;5;;Villa Serré;94230;94016;Cachan;;;650498.02;6855823.99;2.326061;48.800593;entrée;;;CACHAN;VILLA SERRE;inconnue;inconnue;0;940160000A0038;1098a0e4-ecfe-405f-ac15-33bbd4126107;1e023b38-2a05-4f98-948c-eca513e38a1d;e1ce01e3-3ad8-4ae8-b38b-91ad0bc88d58;within;0.0;1.0;000;0A;0038
94016_8520_00007;94016_8520;7;;Villa Serré;94230;94016;Cachan;;;650496.28;6855818.12;2.326038;48.80054;entrée;;;CACHAN;VILLA SERRE;inconnue;inconnue;0;940160000A0038;f121915e-1af3-46e7-bc43-4776762a0088;1e023b38-2a05-4f98-948c-eca513e38a1d;e1ce01e3-3ad8-4ae8-b38b-91ad0bc88d58;within;0.0;1.0;000;0A;0038
94016_5180_00007;94016_5180;7;;Sentier des Lours;94230;94016;Cachan;;;651092.52;6854049.54;2.334358;48.78468;segment;;;CACHAN;SENTIER DES LOURS;inconnue;inconnue;0;94016000AF0024;58ae31f9-b647-4711-b6bf-f76603fd95c3;e108ced5-1eda-4815-8072-c60e42b9c767;e1ce01e3-3ad8-4ae8-b38b-91ad0bc88d58;within;0.0;1.0;000;AF;0024
94016_5180_00008;94016_5180;8;;Sentier des Lours;94230;94016;Cachan;;;651179.39;6854278.87;2.335514;48.786749;entrée;;;CACHAN;SENTIER DES LOURS;inconnue;inconnue;0;94016000AF0155;0629ee22-c2a3-4229-a22a-b3f6004ac52e;e108ced5-1eda-4815-8072-c60e42b9c767;e1ce01e3-3ad8-4ae8-b38b-91ad0bc88d58;within;0.0;1.0;000;AF;0155
94016_5180_00010;94016_5180;10;;Sentier des Lours;94230;94016;Cachan;;;651101.33;6854066.26;2.334476;48.784831;entrée;;;CACHAN;SENTIER DES LOURS;inconnue;inconnue;0;94016000AF0031;436b7946-c564-451d-a675-f2fb12ec3314;e108ced5-1eda-4815-8072-c60e42b9c767;e1ce01e3-3ad8-4ae8-b38b-91ad0bc88d58;within;0.0;1.0;000;AF;0031
94016_5180_00011;94016_5180;11;;Sentier des Lours;94230;94016;Cachan;;;651176.87;6854249.87;2.335483;48.786488;parcelle;;;CACHAN;SENTIER DES LOURS;cadastre;inconnue;0;94016000AF0160;e01e5454-b9ac-42d8-a82f-6c7458e77803;e108ced5-1eda-4815-8072-c60e42b9c767;e1ce01e3-3ad8-4ae8-b38b-91ad0bc88d58;exist;;;000;AF;0160
94016_5180_00020;94016_5180;20;;Sentier des Lours;94230;94016;Cachan;;;651141.3;6854204.91;2.335004;48.786081;segment;;;CACHAN;SENTIER DES LOURS;inconnue;inconnue;0;94016000AF0114;01939038-4433-4621-9892-f3c2c850be38;e108ced5-1eda-4815-8072-c60e42b9c767;e1ce01e3-3ad8-4ae8-b38b-91ad0bc88d58;within;0.0;1.0;000;AF;0114
94016_7140_00001;94016_7140;1;;Villa Pierre;94230;94016;Cachan;;;650413.74;6855880.31;2.324907;48.801093;entrée;;;CACHAN;VILLA PIERRE;inconnue;inconnue;0;940160000A0016;cba29089-e2db-43a6-9149-66e9c625b559;30636ff2-297b-474f-aab5-91abb457338c;e1ce01e3-3ad8-4ae8-b38b-91ad0bc88d58;within;0.0;1.0;000;0A;0016
94016_7140_00002;94016_7140;2;;Villa Pierre;94230;94016;Cachan;;;650419.5;6855875.15;2.324986;48.801047;entrée;;;CACHAN;VILLA PIERRE;inconnue;inconnue;0;940160000A0017;a77eb389-77b3-405d-b9b4-7ffcd9046f01;30636ff2-297b-474f-aab5-91abb457338c;e1ce01e3-3ad8-4ae8-b38b-91ad0bc88d58;within;0.0;1.0;000;0A;0017
94016_7140_00003;94016_7140;3;;Villa Pierre;94230;94016;Cachan;;;650412.4;6855870.2;2.32489;48.801002;entrée;;;CACHAN;VILLA PIERRE;inconnue;inconnue;0;940160000A0015;fd840c9b-a8ca-4f48-94f3-a4145c1ddc6b;30636ff2-297b-474f-aab5-91abb457338c;e1ce01e3-3ad8-4ae8-b38b-91ad0bc88d58;within;0.0;1.0;000;0A;0015
94016_7140_00004;94016_7140;4;;Villa Pierre;94230;94016;Cachan;;;650415.98;6855867.28;2.324939;48.800976;entrée;;;CACHAN;VILLA PIERRE;inconnue;inconnue;0;940160000A0018;782e1f61-c07c-4539-a441-3db06fec6c9d;30636ff2-297b-474f-aab5-91abb457338c;e1ce01e3-3ad8-4ae8-b38b-91ad0bc88d58;within;0.0;1.0;000;0A;0018
94016_7140_00005;94016_7140;5;;Villa Pierre;94230;94016;Cachan;;;650408.52;6855862.45;2.324838;48.800932;entrée;;;CACHAN;VILLA PIERRE;inconnue;inconnue;0;940160000A0014;c81f425f-9bce-473c-88c6-18defbb1572a;30636ff2-297b-474f-aab5-91abb457338c;e1ce01e3-3ad8-4ae8-b38b-91ad0bc88d58;within;0.0;1.0;000;0A;0014
94016_7140_00006;94016_7140;6;;Villa Pierre;94230;94016;Cachan;;;650413.28;6855861.19;2.324903;48.800921;entrée;;;CACHAN;VILLA PIERRE;inconnue;inconnue;0;940160000A0019;7d831848-a6a9-4bb5-8920-35592ddf78c9;30636ff2-297b-474f-aab5-91abb457338c;e1ce01e3-3ad8-4ae8-b38b-91ad0bc88d58;within;0.0;1.0;000;0A;0019
94016_7140_00007;94016_7140;7;;Villa Pierre;94230;94016;Cachan;;;650408.42;6855859.45;2.324837;48.800905;entrée;;;CACHAN;VILLA PIERRE;inconnue;inconnue;0;940160000A0014;2161d962-75e7-4b8f-b0ab-60bfbaeac08e;30636ff2-297b-474f-aab5-91abb457338c;e1ce01e3-3ad8-4ae8-b38b-91ad0bc88d58;within;0.0;1.0;000;0A;0014
94016_7140_00008;94016_7140;8;;Villa Pierre;94230;94016;Cachan;;;650410.83;6855858.21;2.32487;48.800894;entrée;;;CACHAN;VILLA PIERRE;inconnue;inconnue;0;940160000A0019;f75eb42c-5a2e-443c-8ae0-7b8bf460c42e;30636ff2-297b-474f-aab5-91abb457338c;e1ce01e3-3ad8-4ae8-b38b-91ad0bc88d58;within;0.0;1.0;000;0A;0019
94016_0645_00001;94016_0645;1;;Allée Bellevue;94230;94016;Cachan;;;651634.01;6854766.75;2.341646;48.791171;entrée;;;CACHAN;ALLEE BELLEVUE;inconnue;inconnue;0;94016000AC0050;bfbe8ee5-0d98-4377-a920-75f9ba11ff31;68d06596-1cb7-441c-a11a-d0b057f87d65;e1ce01e3-3ad8-4ae8-b38b-91ad0bc88d58;nearest;0.12;0.9;000;AC;0050
94016_0645_00003;94016_0645;3;;Allée Bellevue;94230;94016;Cachan;;;651622.82;6854747.05;2.341496;48.790993;entrée;;;CACHAN;ALLEE BELLEVUE;inconnue;inconnue;0;94016000AC0111;71154e0c-cff9-4827-bc0e-bb8dd3b98d55;68d06596-1cb7-441c-a11a-d0b057f87d65;e1ce01e3-3ad8-4ae8-b38b-91ad0bc88d58;nearest;0.11;0.9;000;AC;0111
94016_0645_00004;94016_0645;4;;Allée Bellevue;94230;94016;Cachan;;;651613.63;6854746.24;2.341371;48.790985;entrée;;;CACHAN;ALLEE BELLEVUE;inconnue;inconnue;0;94016000AC0190;27bfa34c-9851-45ea-9085-b5aea7864987;68d06596-1cb7-441c-a11a-d0b057f87d65;e1ce01e3-3ad8-4ae8-b38b-91ad0bc88d58;nearest;1.41;0.9;000;AC;0190
94016_0645_00005;94016_0645;5;;Allée Bellevue;94230;94016;Cachan;;;651618.4;6854737.19;2.341437;48.790904;entrée;;;CACHAN;ALLEE BELLEVUE;inconnue;inconnue;0;94016000AC0047;2fc988a0-ae6f-49b4-b0f5-90b76ca90490;68d06596-1cb7-441c-a11a-d0b057f87d65;e1ce01e3-3ad8-4ae8-b38b-91ad0bc88d58;within;0.0;1.0;000;AC;0047
94016_0645_00006;94016_0645;6;;Allée Bellevue;94230;94016;Cachan;;;651605.2;6854731.3;2.341258;48.79085;entrée;;;CACHAN;ALLEE BELLEVUE;inconnue;inconnue;0;94016000AC0161;dd4eb32f-523e-4519-8db1-689d6e4c8bd2;68d06596-1cb7-441c-a11a-d0b057f87d65;e1ce01e3-3ad8-4ae8-b38b-91ad0bc88d58;nearest;1.43;0.9;000;AC;0161
94016_0645_00007;94016_0645;7;;Allée Bellevue;94230;94016;Cachan;;;651610.89;6854726.25;2.341336;48.790805;entrée;;;CACHAN;ALLEE BELLEVUE;inconnue;inconnue;0;94016000AC0087;8df124ac-9945-45cb-8c0a-783e85d243b4;68d06596-1cb7-441c-a11a-d0b057f87d65;e1ce01e3-3ad8-4ae8-b38b-91ad0bc88d58;nearest;0.24;0.9;000;AC;0087
94016_0645_00008;94016_0645;8;;Allée Bellevue;94230;94016;Cachan;;;651600.31;6854716.66;2.341193;48.790718;entrée;;;CACHAN;ALLEE BELLEVUE;inconnue;inconnue;0;94016000AC0037;777e4872-6b36-482a-8912-44119675a39a;68d06596-1cb7-441c-a11a-d0b057f87d65;e1ce01e3-3ad8-4ae8-b38b-91ad0bc88d58;nearest;1.52;0.9;000;AC;0037
94016_0645_00009;94016_0645;9;;Allée Bellevue;94230;94016;Cachan;;;651606.4;6854716.06;2.341276;48.790713;entrée;;;CACHAN;ALLEE BELLEVUE;inconnue;inconnue;0;94016000AC0199;11d11098-fbc2-446f-aefd-15648f2f9f83;68d06596-1cb7-441c-a11a-d0b057f87d65;e1ce01e3-3ad8-4ae8-b38b-91ad0bc88d58;within;0.0;1.0;000;AC;0199
94016_0645_00010;94016_0645;10;;Allée Bellevue;94230;94016;Cachan;;;651594.49;6854706.59;2.341115;48.790627;entrée;;;CACHAN;ALLEE BELLEVUE;inconnue;inconnue;0;94016000AC0038;5000bd48-e745-449a-86eb-fd68ed1573b3;68d06596-1cb7-441c-a11a-d0b057f87d65;e1ce01e3-3ad8-4ae8-b38b-91ad0bc88d58;nearest;1.43;0.9;000;AC;0038
94016_0645_00011;94016_0645;11;;Allée Bellevue;94230;94016;Cachan;;;651599.41;6854706;2.341182;48.790622;entrée;;;CACHAN;ALLEE BELLEVUE;inconnue;inconnue;0;94016000AC0045;31a42d9e-d5fd-4231-916c-a67c06809be5;68d06596-1cb7-441c-a11a-d0b057f87d65;e1ce01e3-3ad8-4ae8-b38b-91ad0bc88d58;nearest;0.22;0.9;000;AC;0045
94016_0645_00013;94016_0645;13;;Allée Bellevue;94230;94016;Cachan;;;651593.89;6854696.26;2.341108;48.790534;entrée;;;CACHAN;ALLEE BELLEVUE;inconnue;inconnue;0;94016000AC0179;c2c3710b-ecab-4e12-94e6-29b6dcd034bd;68d06596-1cb7-441c-a11a-d0b057f87d65;e1ce01e3-3ad8-4ae8-b38b-91ad0bc88d58;nearest;0.25;0.9;000;AC;0179
94016_3545_00004;94016_3545;4;;Sentier de la Fontaine Couverte;94230;94016;Cachan;;;651600.69;6855052.9;2.34116;48.793742;entrée;;;CACHAN;SENTIER DE LA FONTAINE COUVERTE;inconnue;inconnue;0;940160000X0046;18f118d2-da15-4bd6-a829-2688a3c1721f;85254402-f24e-474b-86f3-9485bda1f7f0;e1ce01e3-3ad8-4ae8-b38b-91ad0bc88d58;within;0.0;1.0;000;0X;0046
94016_3545_00006;94016_3545;6;;Sentier de la Fontaine Couverte;94230;94016;Cachan;;;651614.82;6855047.01;2.341353;48.79369;entrée;;;CACHAN;SENTIER DE LA FONTAINE COUVERTE;inconnue;inconnue;0;940160000X0048;6a1dc0cf-73f7-4f90-8f6c-a549bca68758;85254402-f24e-474b-86f3-9485bda1f7f0;e1ce01e3-3ad8-4ae8-b38b-91ad0bc88d58;within;0.0;1.0;000;0X;0048
94016_5112_00002;94016_5112;2;;Square Lamartine;94230;94016;Cachan;;;650149.27;6854381.25;2.321482;48.787591;entrée;;;CACHAN;SQUARE LAMARTINE;inconnue;inconnue;0;940160000J0471;22e6aa42-28e4-4d67-b8dd-afefecfc8601;15230366-1fcb-490d-b646-81cd147c04b2;e1ce01e3-3ad8-4ae8-b38b-91ad0bc88d58;within;0.0;1.0;000;0J;0471
94016_5112_00004;94016_5112;4;;Square Lamartine;94230;94016;Cachan;;;650056.39;6854439.76;2.320211;48.78811;segment;;;CACHAN;SQUARE LAMARTINE;inconnue;inconnue;0;940160000J0470;ec828f11-b468-44d1-ae26-b5ff2356b9fa;15230366-1fcb-490d-b646-81cd147c04b2;e1ce01e3-3ad8-4ae8-b38b-91ad0bc88d58;within;0.0;1.0;000;0J;0470
94016_7123_00002;94016_7123;2;;Avenue Pasteur;94230;94016;Cachan;;;650076.25;6854638.07;2.320458;48.789895;entrée;;;CACHAN;AVENUE PASTEUR;inconnue;inconnue;0;940160000J0471;12caa2d9-f07b-445d-ad22-4be6e37afe32;18a492f2-5d6e-4fa7-a57a-9c862f7ba058;e1ce01e3-3ad8-4ae8-b38b-91ad0bc88d58;within;0.0;1.0;000;0J;0471
94016_7123_00004;94016_7123;4;;Avenue Pasteur;94230;94016;Cachan;;;650108.81;6854417.74;2.320927;48.787916;entrée;;;CACHAN;AVENUE PASTEUR;inconnue;inconnue;0;940160000J0471;1dceae10-5652-4bbe-8c7e-7eb5ee2a56b4;18a492f2-5d6e-4fa7-a57a-9c862f7ba058;e1ce01e3-3ad8-4ae8-b38b-91ad0bc88d58;within;0.0;1.0;000;0J;0471
94016_7123_00006;94016_7123;6;;Avenue Pasteur;94230;94016;Cachan;;;650065.13;6854413.22;2.320333;48.787872;entrée;;;CACHAN;AVENUE PASTEUR;inconnue;inconnue;0;940160000J0471;7a6cb020-7b7d-415a-98f2-a1c03eef9163;18a492f2-5d6e-4fa7-a57a-9c862f7ba058;e1ce01e3-3ad8-4ae8-b38b-91ad0bc88d58;within;0.0;1.0;000;0J;0471
94016_7123_00013;94016_7123;13;;Avenue Pasteur;94230;94016;Cachan;;;650174.91;6854329.88;2.321837;48.787131;segment;;;CACHAN;AVENUE PASTEUR;inconnue;inconnue;0;;62cdf9f2-9219-48ea-8610-1e4d4bc18541;18a492f2-5d6e-4fa7-a57a-9c862f7ba058;e1ce01e3-3ad8-4ae8-b38b-91ad0bc88d58;missing;;0.0;;;
94016_8530_00001;94016_8530;1;;Rue de la Solidarité;94230;94016;Cachan;;;651670.71;6854789.24;2.342143;48.791376;entrée;;;CACHAN;RUE DE LA SOLIDARITE;inconnue;inconnue;0;94016000AC0053;394ff08d-de47-406d-a4cd-a4b8c60e322b;8fdc2ec6-6ec0-44e5-9c7b-61be4b70c63f;e1ce01e3-3ad8-4ae8-b38b-91ad0bc88d58;nearest;1.26;0.9;000;AC;0053
94016_8530_00007;94016_8530;7;;Rue de la Solidarité;94230;94016;Cachan;;;651703.77;6854815.54;2.34259;48.791615;entrée;;;CACHAN;RUE DE LA SOLIDARITE;inconnue;inconnue;0;94016000AC0193;715bc05f-e38b-4140-b3b8-0998454cdc32;8fdc2ec6-6ec0-44e5-9c7b-61be4b70c63f;e1ce01e3-3ad8-4ae8-b38b-91ad0bc88d58;nearest;2.08;0.9;000;AC;0193
94016_8530_00017;94016_8530;17;;Rue de la Solidarité;94230;94016;Cachan;;;651741.86;6854846.91;2.343105;48.7919;entrée;;;CACHAN;RUE DE LA SOLIDARITE;inconnue;inconnue;0;94016000AC0138;509af07e-f435-4b2d-bf02-e77595b8febf;8fdc2ec6-6ec0-44e5-9c7b-61be4b70c63f;e1ce01e3-3ad8-4ae8-b38b-91ad0bc88d58;nearest;2.05;0.9;000;AC;0138
94016_8530_00019;94016_8530;19;;Rue de la Solidarité;94230;94016;Cachan;;;651754.3;6854858.04;2.343273;48.792001;entrée;;;CACHAN;RUE DE LA SOLIDARITE;inconnue;inconnue;0;94016000AC0143;aea9a10b-2d12-4789-8045-209ecf16a0b7;8fdc2ec6-6ec0-44e5-9c7b-61be4b70c63f;e1ce01e3-3ad8-4ae8-b38b-91ad0bc88d58;nearest;1.26;0.9;000;AC;0143
94016_8530_00021;94016_8530;21;;Rue de la Solidarité;94230;94016;Cachan;;;651767.47;6854868.94;2.343451;48.7921;entrée;;;CACHAN;RUE DE LA SOLIDARITE;inconnue;inconnue;0;94016000AC0195;5d812b07-c8b2-4415-9cfb-ae85415c59e0;8fdc2ec6-6ec0-44e5-9c7b-61be4b70c63f;e1ce01e3-3ad8-4ae8-b38b-91ad0bc88d58;nearest;1.22;0.9;000;AC;0195
94016_8530_00023;94016_8530;23;;Rue de la Solidarité;94230;94016;Cachan;;;651780.49;6854879.62;2.343627;48.792197;entrée;;;CACHAN;RUE DE LA SOLIDARITE;inconnue;inconnue;0;94016000AC0183;3a18c46c-3a5f-4947-bb8d-c83ebe755dbe;8fdc2ec6-6ec0-44e5-9c7b-61be4b70c63f;e1ce01e3-3ad8-4ae8-b38b-91ad0bc88d58;nearest;1.28;0.9;000;AC;0183
94016_8530_00025;94016_8530;25;;Rue de la Solidarité;94230;94016;Cachan;;;651790.69;6854887.98;2.343765;48.792273;entrée;;;CACHAN;RUE DE LA SOLIDARITE;inconnue;inconnue;0;94016000AC0194;71b17d64-4f48-4e5a-950e-f7c303ac94bd;8fdc2ec6-6ec0-44e5-9c7b-61be4b70c63f;e1ce01e3-3ad8-4ae8-b38b-91ad0bc88d58;nearest;1.3;0.9;000;AC;0194
94016_9685_00001;94016_9685;1;;Square Voltaire;94230;94016;Cachan;;;650184.71;6854435.1;2.321958;48.788078;entrée;;;CACHAN;SQUARE VOLTAIRE;inconnue;inconnue;0;940160000J0471;3919caae-4474-467c-b6b0-46af998d52d5;d1c81a3a-4274-47de-8be0-7032c0198020;e1ce01e3-3ad8-4ae8-b38b-91ad0bc88d58;within;0.0;1.0;000;0J;0471
94016_9685_00002;94016_9685;2;;Square Voltaire;94230;94016;Cachan;;;650076.25;6854638.07;2.320458;48.789895;entrée;;;CACHAN;SQUARE VOLTAIRE;inconnue;inconnue;0;940160000J0471;a3f781d2-e2ec-4b4d-ac9e-ca825ac952c7;d1c81a3a-4274-47de-8be0-7032c0198020;e1ce01e3-3ad8-4ae8-b38b-91ad0bc88d58;within;0.0;1.0;000;0J;0471
94016_9685_00003;94016_9685;3;;Square Voltaire;94230;94016;Cachan;;;650176.46;6854440.84;2.321845;48.788129;entrée;;;CACHAN;SQUARE VOLTAIRE;inconnue;inconnue;0;940160000J0471;800ef7df-ae74-4911-b879-c687dc9fd90e;d1c81a3a-4274-47de-8be0-7032c0198020;e1ce01e3-3ad8-4ae8-b38b-91ad0bc88d58;within;0.0;1.0;000;0J;0471
94016_9685_00004;94016_9685;4;;Square Voltaire;94230;94016;Cachan;;;650108.81;6854417.85;2.320927;48.787917;entrée;;;CACHAN;SQUARE VOLTAIRE;inconnue;inconnue;0;940160000J0471;eb945fd5-a83f-4ff3-8d1b-44a38e9fc3c0;d1c81a3a-4274-47de-8be0-7032c0198020;e1ce01e3-3ad8-4ae8-b38b-91ad0bc88d58;within;0.0;1.0;000;0J;0471
94016_9685_00005;94016_9685;5;;Square Voltaire;94230;94016;Cachan;;;650153.58;6854540.22;2.321522;48.789021;entrée;;;CACHAN;SQUARE VOLTAIRE;inconnue;inconnue;0;940160000J0471;52ec9007-fcf1-40d8-830b-7048dd3464ad;d1c81a3a-4274-47de-8be0-7032c0198020;e1ce01e3-3ad8-4ae8-b38b-91ad0bc88d58;within;0.0;1.0;000;0J;0471
94016_9685_00006;94016_9685;6;;Square Voltaire;94230;94016;Cachan;;;650174.23;6854549.38;2.321802;48.789105;entrée;;;CACHAN;SQUARE VOLTAIRE;inconnue;inconnue;0;940160000J0471;216f1a72-8639-40b4-9b4f-16d3007c97a6;d1c81a3a-4274-47de-8be0-7032c0198020;e1ce01e3-3ad8-4ae8-b38b-91ad0bc88d58;within;0.0;1.0;000;0J;0471
94016_6163_00002;94016_6163;2;;Place du Millenaire;94230;94016;Cachan;;;650934.99;6855005.13;2.332104;48.793262;entrée;;;CACHAN;PLACE DU MILLENAIRE;inconnue;inconnue;0;940160000Q0306;dfddf506-cbf0-4901-b02b-a76011bd626a;485ea269-ac6c-430f-b935-7a0b7fda1342;e1ce01e3-3ad8-4ae8-b38b-91ad0bc88d58;within;0.0;1.0;000;0Q;0306
94016_6163_00004;94016_6163;4;;Place du Millenaire;94230;94016;Cachan;;;650965.63;6854997.42;2.332522;48.793195;segment;;;CACHAN;PLACE DU MILLENAIRE;inconnue;inconnue;0;940160000Q0223;d9fe0dca-9b95-4e62-ab64-53ea696b66fd;485ea269-ac6c-430f-b935-7a0b7fda1342;e1ce01e3-3ad8-4ae8-b38b-91ad0bc88d58;within;0.0;1.0;000;0Q;0223
94016_6163_00006;94016_6163;6;;Place du Millenaire;94230;94016;Cachan;;;650986.63;6854978.45;2.33281;48.793026;entrée;;;CACHAN;PLACE DU MILLENAIRE;inconnue;inconnue;0;940160000Q0223;3fae7ff7-4060-46fd-970e-f222b0e7d1af;485ea269-ac6c-430f-b935-7a0b7fda1342;e1ce01e3-3ad8-4ae8-b38b-91ad0bc88d58;within;0.0;1.0;000;0Q;0223
94016_0085_00002;94016_0085;2;;Villa de l'Avenir;94230;94016;Cachan;;;650387.08;6855811.93;2.324552;48.800476;entrée;;;CACHAN;VILLA DE L AVENIR;inconnue;inconnue;0;940160000A0069;a0422258-3636-4c4e-9ddd-f700b05c3393;e7a07868-8bc0-46f7-b73b-230074783cfd;e1ce01e3-3ad8-4ae8-b38b-91ad0bc88d58;within;0.0;1.0;000;0A;0069
94016_0085_00003;94016_0085;3;;Villa de l'Avenir;94230;94016;Cachan;;;650383.49;6855804.63;2.324504;48.80041;entrée;;;CACHAN;VILLA DE L AVENIR;inconnue;inconnue;0;940160000A0068;173c0fdb-1308-4aa1-a2b8-6d7ae82d56d8;e7a07868-8bc0-46f7-b73b-230074783cfd;e1ce01e3-3ad8-4ae8-b38b-91ad0bc88d58;within;0.0;1.0;000;0A;0068
94016_0085_00004;94016_0085;4;;Villa de l'Avenir;94230;94016;Cachan;;;650380.5;6855798.65;2.324464;48.800356;entrée;;;CACHAN;VILLA DE L AVENIR;inconnue;inconnue;0;940160000A0067;ae6f6d30-aaa5-47a8-ac6b-9f36b00c4747;e7a07868-8bc0-46f7-b73b-230074783cfd;e1ce01e3-3ad8-4ae8-b38b-91ad0bc88d58;within;0.0;1.0;000;0A;0067
94016_0085_00005;94016_0085;5;;Villa de l'Avenir;94230;94016;Cachan;;;650377.4;6855797.23;2.324422;48.800343;entrée;;;CACHAN;VILLA DE L AVENIR;inconnue;inconnue;0;940160000A0067;d6f9dad9-44ae-4f5b-9aee-f4a1b457bcc1;e7a07868-8bc0-46f7-b73b-230074783cfd;e1ce01e3-3ad8-4ae8-b38b-91ad0bc88d58;within;0.0;1.0;000;0A;0067
94016_3540_00035;94016_3540;35;;Villa Fleurie;94230;94016;Cachan;;;651498.49;6854401.73;2.339843;48.787878;segment;;;CACHAN;VILLA FLEURIE;inconnue;inconnue;0;94016000AD0418;5bc04978-0b7b-4bc7-8aee-1990e95e2740;66989ae4-0aef-489c-a04d-35a14b8906f2;e1ce01e3-3ad8-4ae8-b38b-91ad0bc88d58;within;0.0;1.0;000;AD;0418
94016_3540_00035_bis;94016_3540;35;bis;Villa Fleurie;94230;94016;Cachan;;;651498.49;6854401.73;2.339843;48.787878;segment;;;CACHAN;VILLA FLEURIE;inconnue;inconnue;0;94016000AD0418;ba7800b3-4dc9-444b-b5b8-2e71951f2a65;66989ae4-0aef-489c-a04d-35a14b8906f2;e1ce01e3-3ad8-4ae8-b38b-91ad0bc88d58;within;0.0;1.0;000;AD;0418
94016_3540_00035_ter;94016_3540;35;ter;Villa Fleurie;94230;94016;Cachan;;;651498.49;6854401.73;2.339843;48.787878;segment;;;CACHAN;VILLA FLEURIE;inconnue;inconnue;0;94016000AD0418;95efbb3b-4aca-4811-8664-5c12a2a78dae;66989ae4-0aef-489c-a04d-35a14b8906f2;e1ce01e3-3ad8-4ae8-b38b-91ad0bc88d58;within;0.0;1.0;000;AD;0418
94016_0643_00001;94016_0643;1;;Rue de la Belle Image;94230;94016;Cachan;;;650813.56;6854903.08;2.330463;48.792335;entrée;;;CACHAN;RUE DE LA BELLE IMAGE;inconnue;inconnue;0;940160000Q0008;9fc627f6-61c5-4f8c-b7ed-12a089974661;8a37fdd9-47fb-44a4-a01a-95e4a2a059ab;e1ce01e3-3ad8-4ae8-b38b-91ad0bc88d58;nearest;2.14;0.9;000;0Q;0008
94016_0643_00003;94016_0643;3;;Rue de la Belle Image;94230;94016;Cachan;;;650798.71;6854910.43;2.33026;48.7924;entrée;;;CACHAN;RUE DE LA BELLE IMAGE;inconnue;inconnue;0;940160000Q0007;9657dfea-23d3-4df8-a581-4a7ea4eeeb86;8a37fdd9-47fb-44a4-a01a-95e4a2a059ab;e1ce01e3-3ad8-4ae8-b38b-91ad0bc88d58;nearest;0.02;0.9;000;0Q;0007
94016_0643_00005;94016_0643;5;;Rue de la Belle Image;94230;94016;Cachan;;;650789.73;6854916.51;2.330137;48.792454;entrée;;;CACHAN;RUE DE LA BELLE IMAGE;inconnue;inconnue;0;940160000Q0006;96962d3e-0f3d-4ac8-b231-2dfc4daae02b;8a37fdd9-47fb-44a4-a01a-95e4a2a059ab;e1ce01e3-3ad8-4ae8-b38b-91ad0bc88d58;nearest;0.25;0.9;000;0Q;0006
94016_7145_00002;94016_7145;2;;Rue Pierre Curie;94230;94016;Cachan;;;650268.28;6854567.7;2.32308;48.789277;segment;;;CACHAN;RUE PIERRE CURIE;inconnue;inconnue;0;940160000J0459;1fc966ea-41a7-4f7c-b371-e4a314491674;a18c28ae-557b-4d6b-89e1-e6091214a846;e1ce01e3-3ad8-4ae8-b38b-91ad0bc88d58;nearest;0.89;0.9;000;0J;0459
94016_7145_00005;94016_7145;5;;Rue Pierre Curie;94230;94016;Cachan;;;650214.27;6854472.54;2.322356;48.788417;segment;;;CACHAN;RUE PIERRE CURIE;inconnue;inconnue;0;940160000J0359;a82174c2-7625-47ea-9e5a-aa08d15bdbdc;a18c28ae-557b-4d6b-89e1-e6091214a846;e1ce01e3-3ad8-4ae8-b38b-91ad0bc88d58;nearest;2.65;0.9;000;0J;0359
94016_0630_00003;94016_0630;3;;Allée Beauséjour;94230;94016;Cachan;;;651179.8;6854056.81;2.335545;48.784752;entrée;;;CACHAN;ALLEE BEAUSEJOUR;inconnue;inconnue;0;94016000AG0019;4dc8401c-9289-4267-8161-ffda5f17538a;70d0b459-bccd-4bea-be14-f8659585d6d9;e1ce01e3-3ad8-4ae8-b38b-91ad0bc88d58;within;0.0;1.0;000;AG;0019
94016_0630_00006;94016_0630;6;;Allée Beauséjour;94230;94016;Cachan;;;651196.18;6854047.67;2.335769;48.784671;entrée;;;CACHAN;ALLEE BEAUSEJOUR;inconnue;inconnue;0;94016000AG0293;911e7e41-d3ea-4f32-a4ad-7d8146ebce33;70d0b459-bccd-4bea-be14-f8659585d6d9;e1ce01e3-3ad8-4ae8-b38b-91ad0bc88d58;nearest;0.01;0.9;000;AG;0293
94016_4760_00004;94016_4760;4;;Allée des Joncs;94230;94016;Cachan;;;651480.28;6854534.2;2.33958;48.789068;entrée;;;CACHAN;ALLEE DES JONCS;cadastre;cadastre;0;94016000AD0026;270814f0-8bd1-46ae-a984-b1aa97e9b768;1531f497-a612-4834-bef4-b2af3e094d67;e1ce01e3-3ad8-4ae8-b38b-91ad0bc88d58;exist;;;000;AD;0026
94016_4760_00006;94016_4760;6;;Allée des Joncs;94230;94016;Cachan;;;651495.88;6854563.53;2.339789;48.789333;;;;CACHAN;ALLEE DES JONCS;arcep;cadastre;0;94016000AD0023;d0e48b8d-57df-4d0e-9216-b308d3cdb9da;1531f497-a612-4834-bef4-b2af3e094d67;e1ce01e3-3ad8-4ae8-b38b-91ad0bc88d58;within;0.0;1.0;000;AD;0023
94016_4760_00007;94016_4760;7;;Allée des Joncs;94230;94016;Cachan;;;651387.73;6854318.48;2.338345;48.787121;entrée;;;CACHAN;ALLEE DES JONCS;cadastre;cadastre;0;94016000AE0096;5ef2a98c-6781-42ce-99a9-d447d80987ed;1531f497-a612-4834-bef4-b2af3e094d67;e1ce01e3-3ad8-4ae8-b38b-91ad0bc88d58;exist;;;000;AE;0096
